timestamp,price,volume,market_cap
1641340800000,2.203154659840207,16799043.894737292,0.0
1641427200000,2.203154659840207,16799043.894737292,0.0
1641513600000,2.1137500296826603,12047780.380318575,0.0
1641600000000,1.567157875633117,5472922.803959675,0.0
1641686400000,1.6002651036652729,4084833.8166973633,0.0
1641772800000,1.6058945502674906,1831825.390812929,0.0
1641859200000,1.5400421766248744,3494468.4246754968,0.0
1641945600000,1.5769364731318258,2078512.646333703,0.0
1642032000000,1.7911198980826253,2837947.0984952715,0.0
1642118400000,1.9161052897922295,7994164.779573024,0.0
1642204800000,1.9991444315288491,6217309.889782909,0.0
1642291200000,1.978452944134882,1725083.5831911003,61156983.51267789
1642377600000,1.8777633876046993,1896704.9572295188,58249583.71079515
1642464000000,1.7477636421041682,5298623.713370246,54146382.82801794
1642550400000,1.7383583239314917,8515131.330336476,54081141.232354976
1642636800000,1.6955596251112781,1763589.6543591346,52559686.63808333
1642723200000,1.6112268615173115,2303331.768088978,50096935.35235455
1642809600000,1.374723245159194,4776010.177200437,42002271.23669225
1642896000000,1.224565767275766,7944439.802075076,37936579.880906194
1642982400000,1.1476342780778903,4100673.12801866,35574861.02969584
1643068800000,1.0067284763431565,6781959.755593795,31064258.637510955
1643155200000,1.0301053808738072,1014086.4719286796,31992569.62690095
1643241600000,1.0217580202678604,767000.8880673747,31776072.610807918
1643328000000,0.9855391482946797,36339.319922527146,30403754.778963212
1643414400000,0.9726851629956066,18840.5776135326,30036503.693067677
1643500800000,0.9714892977364352,27930.970665508252,29979525.937707733
1643587200000,0.9207919177317153,418641.9300004718,28552308.56604056
1643673600000,0.8863543285100429,1477090.606843944,27488341.082795624
1643760000000,0.9399098840804421,2089302.1637952523,29082906.3264157
1643846400000,0.9749619741686256,3189052.266949081,30275932.28987554
1643932800000,0.9696434979687086,762681.0191491075,30144808.45290624
1644019200000,0.9910188527978061,1485919.1697694573,30720028.7056063
1644105600000,0.9992554999565225,1667683.8427158722,30987741.56791131
1644192000000,0.977022852933588,899263.1322768102,30255006.67193976
1644278400000,1.00870401871642,1880762.4829433667,31391179.687335208
1644364800000,0.9707150799827795,1372195.6445343143,30134472.13576927
1644451200000,0.9322979868119375,1412877.985931075,28899577.633033853
1644537600000,0.8659290802417356,1929380.8091491114,26770911.78641228
1644624000000,0.7870729945259282,1473452.9263923147,24398027.259504776
1644710400000,0.7543369672995267,1237176.5046522326,23383261.805483952
1644796800000,0.7426664414078455,734056.9434075002,23022350.431772705
1644883200000,0.7369768350968281,1087489.0175209828,22871359.97311998
1644969600000,0.763941767179959,891139.6997691718,23536055.48831573
1645056000000,0.7458422128190002,904057.8372861102,23084616.86830188
1645142400000,0.7135104872766856,1438682.5080120382,22087259.28548208
1645228800000,0.6509163485002829,2017741.3855314911,20197374.72315424
1645315200000,0.6322727096835821,646951.3103906097,19599461.4395232
1645401600000,0.6466785808072539,2228624.785201193,20100693.0143737
1645488000000,0.6286850857489573,1840077.3831837394,19598029.078500845
1645574400000,0.6270074782344853,1091471.0761735204,19538303.822881628
1645660800000,0.6373685635601154,1874426.9305832984,19750765.20386381
1645747200000,0.6308475195682459,4744125.2714087125,19513976.867323197
1645833600000,0.6558255010420252,2014040.7906035369,20348369.246314622
1645920000000,0.6553907004103823,848451.4562853156,20245826.99222095
1646006400000,0.6839020542679738,1740059.377623829,21231151.265087016
1646092800000,0.7561449397968919,1682104.0389255183,23409216.279530182
1646179200000,0.9292857111795992,3799071.231295083,28690387.72578927
1646265600000,0.9239825469910057,1836748.2352388478,28642008.461199433
1646352000000,0.8260236577579461,1611494.1949433214,25605436.67377767
1646438400000,0.7747908871542948,1094859.4879169054,24007822.850435235
1646524800000,0.7468943697682721,749546.6380104877,23131573.712274652
1646611200000,0.7531194679311627,2093399.4846962714,23283193.027667847
1646697600000,0.7044466479373723,1614769.683890072,21788615.037710365
1646784000000,0.6984737970684849,818720.1446283585,21642193.93383915
1646870400000,0.7343215697581628,1954746.480038489,22777856.95533275
1646956800000,0.6720094204043274,1487807.1546252149,20872221.193925045
1647043200000,0.6961861881460422,2045482.0721637458,21635772.725288782
1647129600000,0.6780361648918071,543242.5164329194,21007211.622334015
1647216000000,0.6771894280589433,785854.3526115011,20971047.414373033
1647302400000,0.6536840858800558,726276.4062294178,20258378.277002838
1647388800000,0.6596701243750339,598322.9839859797,20488330.516650073
1647475200000,0.7121003153833523,2589909.200656086,21802714.428040814
1647561600000,0.7300476794806608,975838.6008007263,22579115.02852247
1647648000000,0.7055649481030227,2327632.4908600776,21846325.776464645
1647734400000,0.7213434421064578,753035.9530216503,22358268.288014174
1647820800000,0.7080418382105329,529277.0464898068,21944536.56830634
1647907200000,0.7272961886008993,752019.1327368543,22613171.732339468
1647993600000,0.7387406552430111,2067769.2937355763,22949620.48635856
1648080000000,0.6929821081999935,1586955.9952161224,21470769.19989737
1648166400000,0.6923902903861556,1477484.780200415,21435763.261667125
1648252800000,0.7053100842328108,1404816.7997710814,21868966.308282267
1648339200000,0.7563081197233267,927330.033575889,23470954.88013025
1648425600000,0.7713410525968153,751915.7673839638,23867288.1345245
1648512000000,0.7360603922580231,1751354.974651381,22849296.06588593
1648598400000,0.7364301962125365,1097649.7061340418,22920306.415088415
1648684800000,0.8032301349890879,2491208.6867223415,24908480.00942354
1648771200000,0.835130434348588,2183929.3272277047,25752913.484017048
1648857600000,0.9347273890791085,2353474.251153687,28933095.559977062
1648944000000,0.9579223040978166,1360178.606950449,29946960.734701507
1649030400000,0.9990201345816205,1021894.38419902,31033002.949238487
1649116800000,0.886302280550788,2672230.602627553,27433889.64542688
1649203200000,0.9258762757682077,2139459.2292543408,28614173.43237622
1649289600000,0.8767879407241325,1723214.2970382215,27233620.05716382
1649376000000,0.8769288687213196,1423929.395662915,27183640.860343914
1649462400000,0.8456713956225095,1160649.1723461286,26152820.778983384
1649548800000,0.8048015385499963,1028740.1421727509,24915912.587889258
1649635200000,0.9065554482212658,2032959.7145932238,28170919.367837183
1649721600000,0.839693165252382,1931918.2051756412,26114177.112989735
1649808000000,0.8280437641554564,2211272.639049947,25653222.28247771
1649894400000,0.841779023061433,1194254.1039326023,26043604.54759
1649980800000,0.8209270587241838,1486173.686104829,25465340.64408619
1650067200000,0.8509865160536234,1282363.5202606332,26361932.24443725
1650153600000,0.9768380605151327,2494117.534040271,30273225.280095942
1650240000000,1.0658682015723306,1456203.6309660175,32929989.22115251
1650326400000,1.3038168491502413,8730563.008584542,40465684.82899072
1650412800000,1.8711898199694699,10633674.04846927,57968791.793070145
1650499200000,2.0613782145240807,11913934.699760376,63871425.84782736
1650585600000,1.8931925582986935,5857248.135568763,58679259.45502393
1650672000000,1.785459714429508,3099976.678790473,55414742.41529075
1650758400000,1.5692149697773208,3219559.923941733,48588401.47523509
1650844800000,1.4509808097407482,2252633.65441691,45051950.19886471
1650931200000,1.5018205001243454,4263349.156651688,46559602.941314295
1651017600000,1.450013592377046,7334367.090778127,44831971.65378584
1651104000000,1.4412574375057146,2361911.253468488,44668617.765505254
1651190400000,1.506000473663158,2464965.8452374684,46531170.89607176
1651276800000,1.4106857537266693,2563182.989379018,43660741.874571934
1651363200000,1.2918971989791397,2014972.0603565362,39958446.72536125
1651449600000,1.4317846983676845,607138.0827123064,44300755.90002074
1651536000000,1.5459719469951774,4939878.963918263,47673728.50429344
1651622400000,1.5478562263475575,2994169.248531492,47984817.08661816
1651708800000,1.7172518246480701,3359030.4931271323,53232318.930038154
1651795200000,1.488254057223029,4385763.976768481,46088976.89521302
1651881600000,1.428513310769062,2015426.8682433614,44451464.72175362
1651968000000,1.4205808534753999,1726468.10043551,44048257.05874281
1652054400000,1.4214473418939597,2401719.0014322964,43992354.25899395
1652140800000,1.1391188262372907,8941727.48502429,35847983.54053555
1652227200000,1.219838939212006,9652822.680085089,37818259.86932253
1652313600000,0.8369725584021289,21415827.371617414,26154974.878808185
1652400000000,0.7995639538826509,11431635.87903015,24748076.71547154
1652486400000,0.9945208141309577,9153571.988971349,30824263.803895354
1652572800000,1.076811858846055,3752892.7771979314,33346510.79967596
1652659200000,1.1362147679095804,1997183.56710916,35219085.22340853
1652745600000,1.002466801622486,3050162.9573955648,31086370.759113654
1652832000000,1.0220553682998845,3105807.7387151327,31707656.623838846
1652918400000,0.9719251667354811,3286865.650021411,30058999.4066894
1653004800000,0.9735335330907433,2259930.9233162557,30141174.616768084
1653091200000,0.9590461538817115,2044984.8063946024,29719918.578951977
1653177600000,0.9565029931627461,1111928.6014773087,29681206.540769726
1653264000000,0.9693078895069681,673228.6692023713,30080637.98708314
1653350400000,0.9134975701199005,2943069.0701082973,28341135.21228085
1653436800000,0.913892170315248,2639338.8717210963,28308769.772471093
1653523200000,0.9135831481627488,1693942.4940439498,28352117.39582598
1653609600000,0.9065596528716631,4127252.530036752,28130286.24291583
1653696000000,0.9143097255842496,1889188.0168497646,28375044.05772876
1653782400000,0.9308366886337895,552989.071284628,28443453.535807747
1653868800000,0.9121077745046999,484289.3675210589,28429340.205969974
1653955200000,0.9389600434899639,1212513.2558607678,29097861.01377123
1654041600000,0.936885822643291,1025213.5788489336,29053253.88088134
1654128000000,0.8951322398211097,1214028.3411408418,27797254.145661443
1654214400000,0.6826057074392252,204416.63447316116,21201484.41013472
1654300800000,0.6676032813601335,275495.8688886122,20649188.925376285
1654387200000,0.6676727104975106,331137.5208168791,20617141.6195293
1654473600000,0.6559227782086455,134951.35713720202,20392945.43189999
1654560000000,0.7163580332245655,507634.6312592868,22308851.842934996
1654646400000,0.6736753961571267,842228.9156616473,20982152.352837298
1654732800000,0.6505275005258038,68746.26626541732,20259812.509448513
1654819200000,0.6556424898465133,94466.44866820438,20342688.850933794
1654905600000,0.6263546714815273,282792.6368587008,19364781.743884843
1654992000000,0.5787423801549626,758595.4116983651,17865633.052191686
1655078400000,0.5475950868157394,293618.63701463793,17001841.34795341
1655164800000,0.5638567062708935,1799384.9075582386,17243834.52376066
1655251200000,0.5933957456001937,752568.1997424213,18367441.921227567
1655337600000,0.7813246481185423,1187283.8092895392,24129436.44340113
1655424000000,0.6783864008784732,1060568.9280828356,20901004.38443458
1655510400000,0.6139399751861024,143882.8965655008,19153724.0586355
1655596800000,0.6902669629780148,456061.4954384468,21183110.10289439
1655683200000,0.7096102886111193,2187903.9292788585,21940668.025008507
1655769600000,0.7114204669785913,325530.5560123072,22124740.79802655
1655856000000,0.690636303119313,296674.930179492,21394461.10247079
1655942400000,0.6557472759765612,455473.221224907,20254477.03369375
1656028800000,0.6919304459814057,442550.5861855785,21477666.81667318
1656115200000,0.7980341577328226,619359.3602128362,24895312.045785524
1656201600000,0.6807083805114043,405524.6825901129,21057213.762687646
1656288000000,0.6604098867982926,561053.1437999754,20472733.00691154
1656374400000,0.6536167370135838,388121.8017384889,20264500.935659137
1656460800000,0.6112995654849219,444052.52285812196,18829759.061649725
1656547200000,0.587998773971369,757551.9434220283,18220517.61440059
1656633600000,0.5647062221561485,744503.0314802235,17497169.01073862
1656720000000,0.5564346196569563,626260.4266775191,17344401.697826255
1656806400000,0.570933113160034,811455.3948672862,17900934.60169555
1656892800000,0.570890674702043,213211.29593426522,17708482.768619467
1656979200000,0.5887603465087128,412534.1844705771,17830399.300295264
1657065600000,0.5683304156833228,464590.32643825957,17633584.186652556
1657152000000,0.5660750300066972,552079.3980007601,17500700.95393578
1657238400000,0.5898537359184778,655052.7845261813,18298873.4519989
1657324800000,0.5730912102486921,572493.2150173185,17818271.8796113
1657411200000,0.5609760638889659,205053.0846677349,17403403.232696835
1657497600000,0.5609305893921812,482618.24399705586,17381479.899404593
1657584000000,0.48886195514580233,1057482.5238704374,15180822.355147634
1657670400000,0.5988499676453415,527317.3083784558,17748250.695423536
1657756800000,0.582038940169101,450243.82991956314,18429952.80698757
1657843200000,0.6224080793225114,599755.095825657,42185845.25580452
1657929600000,0.5995467310418273,368439.6484558264,42371364.95883276
1658016000000,0.6148437230327436,1311993.8852848765,43616123.358966626
1658102400000,0.5971176103918456,394019.4750750268,42364339.65341795
1658188800000,0.5991134780651454,883729.1619635738,43229099.52280237
1658275200000,0.5807578878886206,788171.7790423775,41489433.135947034
1658361600000,0.555388507894737,761637.445122498,39819647.26679904
1658448000000,0.5448283121500349,620594.3031830826,39228789.33263444
1658534400000,0.5343908948741702,556398.7835781064,38382455.774488635
1658620800000,0.5325161502191958,201719.52983045558,38400381.728301935
1658707200000,0.524803913612803,375330.0958590384,37700328.9998904
1658793600000,0.49258642207165687,526503.3682443254,35501768.3436484
1658880000000,0.47057623506545804,403011.39314630895,34139840.106434025
1658966400000,0.46221059282650445,436817.7249525551,33856698.677776754
1659052800000,0.4966629938548862,821483.8367299562,36108704.37294033
1659139200000,0.48246702057202484,1400244.134069835,35494482.043926105
1659225600000,0.46931118199816885,473253.5905440663,34291490.44503918
1659312000000,0.45804636021926276,232159.05247276477,33631521.076883025
1659398400000,0.4495272140415554,285411.95789786836,32918439.384035308
1659484800000,0.4148668169413613,378897.989621197,31143579.56406649
1659571200000,0.39439728561054876,1017883.9702063806,29260587.665204924
1659657600000,0.3939746554019576,224179.69533519956,29683090.387076255
1659744000000,0.36404254597535646,193964.3376775269,27716945.36150035
1659830400000,0.3636974823869593,69476.37774204329,27180568.08459587
1659916800000,0.36320282012912636,182255.32869274856,27146883.579129383
1660003200000,0.34407916030297203,448769.28473646083,25787181.960326716
1660089600000,0.34609652693063275,86042.39965003479,25959640.16412035
1660176000000,0.34552479521602547,236191.69417492216,25850059.883058254
1660262400000,0.3556547223194458,1015501.039085576,26676040.705933332
1660348800000,0.3617156136136443,217507.19358449578,27191054.117217135
1660435200000,0.37998085954564237,400337.1124728189,28675026.113417424
1660521600000,0.3660130479873942,335649.85457335645,27684158.754191875
1660608000000,0.346377154510701,328825.1406762455,26157287.518237617
1660694400000,0.347306755654607,151749.88893943254,26403053.96562808
1660780800000,0.3294007341726951,229953.99170393677,25040492.446600053
1660867200000,0.32815913820424786,179014.43249756095,24928921.026207395
1660953600000,0.31540184226948154,389797.43032087194,23936263.45729833
1661040000000,0.31726984487636334,197954.21080813673,24195775.696801644
1661126400000,0.32394876523435523,156065.7756479961,24730032.765093625
1661212800000,0.2857752892880689,276330.98524169816,21918966.55578056
1661299200000,0.2792604918155364,190353.84280486364,21407474.97334117
1661385600000,0.2701051915049743,335283.43928890675,20937341.55344289
1661472000000,0.2581643251220172,360803.43080580287,19982963.99109421
1661558400000,0.23359824865619586,439002.5268338329,18083695.953800984
1661644800000,0.22504760774141816,145090.6294800694,17490258.531079788
1661731200000,0.22386701220223487,340782.5222622727,17367836.98487292
1661817600000,0.2254771512271139,168382.11554175848,17606188.933543906
1661904000000,0.22269917348993495,134939.22417165837,17259011.654617988
1661990400000,0.22186478928231596,225945.94002088154,17310072.5862209
1662076800000,0.22176265513624518,103132.87579013566,17340988.70388249
1662163200000,0.2192921810435923,109867.7770793503,17160215.815874275
1662249600000,0.21773174912202178,171417.96803975783,17077461.746572863
1662336000000,0.25264638946702184,2120678.699600571,19775282.408731688
1662422400000,0.2884885316396539,270061.51987369894,22751465.81473027
1662508800000,0.2715610521675743,624008.3517308854,21394046.93919026
1662595200000,0.2834985003633643,200833.98851022896,22398186.674770564
1662681600000,0.2851057802194423,152971.74282650373,22528326.125575352
1662768000000,0.28912143716531147,328744.1824909646,22899413.83698776
1662854400000,0.2882402456350096,87829.83480258816,22800873.521217752
1662940800000,0.29478076235859346,324545.8543910759,23433341.176623248
1663027200000,0.3387657538076559,456977.49126453133,25948137.114901777
1663113600000,0.2744813854228285,1459374.8133014448,21986022.01535257
1663200000000,0.2830832808631682,221254.31844271577,22595827.24999288
1663286400000,0.27588548405385044,238757.786427415,22135144.07801453
1663372800000,0.2703782939339947,149662.2524806233,21700766.803217288
1663459200000,0.2745285816367057,64274.8536789643,22090813.769654255
1663545600000,0.26644181923983445,132955.38256364106,21446051.245316442
1663632000000,0.26553385632666204,190273.0705147815,21400233.500631336
1663718400000,0.2737299597805797,339966.51865105325,22078372.298394345
1663804800000,0.26362628191018855,287380.99556376145,21322337.984098587
1663891200000,0.2718472583460265,115358.9333309771,22032327.883212406
1663977600000,0.27423198396796333,197018.72564468105,22221426.71253487
1664064000000,0.26326677451859204,210450.14687272348,21479435.337991953
1664150400000,0.2549948592589004,95926.63185295466,20806876.06509274
1664236800000,0.24863552450586748,157011.74734716187,20626409.524371024
1664323200000,0.2613854430290847,481936.91759949166,21489861.510345284
1664409600000,0.2673425439180191,89251.88415070139,21976705.665010907
1664496000000,0.26719926796725973,147638.3732089478,22015825.656588573
1664582400000,0.2644811870067031,127836.42052956187,21816316.52087666
1664668800000,0.2611303246514135,66024.13426292564,21560913.716827247
1664755200000,0.2595063923080357,68146.34915590438,21466589.47984186
1664841600000,0.25942095568054274,79559.29825078794,21504120.10249144
1664928000000,0.26256807088144524,88248.08742664421,21735200.10609521
1665014400000,0.2666648998272511,159914.159569479,22105656.589470446
1665100800000,0.26110850740680147,76615.10518839596,21695144.51722474
1665187200000,0.2617599494259818,54152.92157976199,21741999.41064442
1665273600000,0.2586895386285765,29282.929453594,21527404.83419522
1665360000000,0.25837618205121893,76723.40562439125,21490588.276536506
1665446400000,0.24793791815930608,162649.90546618812,20802048.23801356
1665532800000,0.24014933246586023,121125.61326030493,20105332.457181748
1665619200000,0.2361941589204739,106569.41760740062,19824931.4833342
1665705600000,0.2406237616335825,285612.50964482804,20261332.307342347
1665792000000,0.23837045394273101,59038.43578585555,20055528.449293546
1665878400000,0.24105041630566507,20199.582401466338,20325353.95735498
1665964800000,0.24428320932960915,13556.042976423243,20575732.68073555
1666051200000,0.03822602576188666,41505.573135077626,20506678.033766795
1666137600000,0.2398856827962976,33933.96234892174,20370827.303436473
1666224000000,0.22809939524748762,38613.485730206354,19460082.992179498
1666310400000,0.22339150228174678,50020.8611182798,19041917.37067309
1666396800000,0.22707954989328796,72527.44763351332,19288672.507542215
1666483200000,0.22670328452137578,20260.85110137779,19322544.101281635
1666569600000,0.23136943365584497,84800.44190373793,19664221.294810764
1666656000000,0.2248225262764131,45344.66106940903,19189851.130022455
1666742400000,0.23252881377616585,136834.52193946225,19804286.26812603
1666828800000,0.24455156002055092,205982.8872353383,20845565.801109392
1666915200000,0.23248315944819875,142323.95279480054,19873893.278169144
1667001600000,0.2479594123370846,71571.04834195596,29062499.030971363
1667088000000,0.25620421168262897,118401.0079733579,30001910.43417713
1667174400000,0.2623246487760823,26472.288974897365,29844987.627620377
1667260800000,0.2563919906285217,185094.38802930366,30136868.63717207
1667347200000,0.2586502107730239,87297.2341478159,30473791.141321167
1667433600000,0.2527683281285108,90890.7986215573,30425856.19092371
1667520000000,0.2522181188765346,81879.8024607124,29676029.16280961
1667606400000,0.25144683729779854,71381.14647647209,32013377.567166436
1667692800000,0.2769425035180052,186173.46224903833,32995608.097249262
1667779200000,0.2368190558433368,308183.16403072,28079071.729262237
1667865600000,0.21072294362189953,324288.5885389085,24895857.778922264
1667952000000,0.1486252646427397,1396924.355688904,17836714.858443454
1668038400000,0.08647241607110377,1295550.7472117995,10323094.322750047
1668124800000,0.10478476508089353,399109.37368560623,12448680.482303634
1668211200000,0.10350970098592446,99483.91965538936,12474001.565791648
1668297600000,0.09994052077124287,88415.78543763112,12028931.013552539
1668384000000,0.09404614512328267,63564.46580341532,11346550.478419704
1668470400000,0.10157116365860333,333147.97434315115,12321876.742839837
1668556800000,0.10989746560067627,87670.23739519333,13411306.320821011
1668643200000,0.1055754736264632,38926.24750888399,12762553.5828271
1668729600000,0.11054843469620029,100848.31982683443,13435413.476687415
1668816000000,0.10952054425539927,58680.16852391269,13361580.804209972
1668902400000,0.10703129106093444,14894.815831482027,13062382.734820837
1668988800000,0.10652391856838304,33622.62596591499,12969833.341861881
1669075200000,0.09550506095826954,69517.24357998428,11655241.381887835
1669161600000,0.09453459015662255,43946.83760210154,11569088.161097363
1669248000000,0.09286121644072713,182140.04106706267,11346273.37696993
1669334400000,0.0918871918808202,31501.54768387755,11230053.480235431
1669420800000,0.08859823292624847,37105.6463279686,10782423.233605333
1669507200000,0.08728682734593673,31952.945239018758,10700695.283264577
1669593600000,0.08187028911894581,38232.20029479769,10066117.911742972
1669680000000,0.07422349809876261,59658.55249074062,9098244.895183627
1669766400000,0.07506990695031084,21086.656443899294,9211528.454504538
1669852800000,0.06921592248854488,65881.24029211627,8547152.936511341
1669939200000,0.06950753364367264,30242.110418146687,8563259.350716082
1670025600000,0.07956761990868709,56604.813700521365,9802237.173544979
1670112000000,0.07029539922292652,65361.119107155064,8689338.851679519
1670198400000,0.06998931397280474,12103.936829506116,8618670.204929909
1670284800000,0.07017733641448654,23493.812899080236,8664624.531735258
1670371200000,0.07173686202970074,22213.015036679262,8871811.599730236
1670457600000,0.08574206892506278,80450.74750774354,10638983.488647636
1670544000000,0.08634451993489589,40624.63044908815,10714112.217732321
1670630400000,0.09364041244987448,72946.71837678549,11636086.751566945
1670716800000,0.09826541785089471,41917.84403302262,12225110.410988793
1670803200000,0.09610912998939199,47919.4689982117,11943560.066214427
1670889600000,0.0934085876988445,31962.526095888672,11656338.096658738
1670976000000,0.09600793192721738,38757.204384121585,11963987.67501199
1671062400000,0.09314865809992623,20607.804896973677,11638720.480865741
1671148800000,0.09082363941021847,41089.16856546733,11313793.562418474
1671235200000,0.08680161297791608,65958.74318338168,10800872.071321763
1671321600000,0.0856915094704954,16704.967312065746,10714335.2729611
1671408000000,0.0845216527418673,9080.610456120467,10623905.990990212
1671494400000,0.08210602280984847,28194.1423249387,10281182.986430394
1671580800000,0.08058392608404216,13211.167781788312,10082424.863727892
1671667200000,0.07759045265524371,70228.02683488508,9750761.355851352
1671753600000,0.07376216405457703,27431.444911754472,9216767.72242924
1671840000000,0.07402531182113145,16356.866380819725,9281746.74086183
1671926400000,0.07250758704714091,18389.008885766776,9099827.940617615
1672012800000,0.07243620114857197,10465.414160695567,9086610.173848815
1672099200000,0.07152030247710997,6680.128834144907,8990195.822743602
1672185600000,0.0730258435000035,27512.105684579008,9190580.295493953
1672272000000,0.06760561263588931,46318.988673189844,8516240.4178713
1672358400000,0.06585814598125117,46285.33508800403,8398735.932296623
1672444800000,0.062263324556854696,56230.13057740289,7975263.467144883
1672531200000,0.058858681659245585,53754.4509272903,7419832.5417830385
1672617600000,0.059781681179184046,61279.377700794816,7602480.865449693
1672704000000,0.06285683104015195,64923.854629791924,8047874.320376581
1672790400000,0.07983791731728207,154514.69426193894,10332426.58949251
1672876800000,0.07917276657064226,615489.7806517583,8628853.934818003
1672963200000,0.07405142973115872,366761.7138007004,8422828.69936118
1673049600000,0.08022655040402003,105187.14114381868,9274849.98526014
1673136000000,0.08083811897433624,53737.055783160875,9430313.287061224
1673222400000,0.0787123626595946,65143.53926857418,9197878.931613246
1673308800000,0.10516432911515225,561127.1822030284,12489024.844131662
1673395200000,0.0968936171356081,70846.54538912622,11499690.155978104
1673481600000,0.0966219701930199,40922.45503706925,11466986.524238039
1673568000000,0.09378864473175216,42071.61618950667,11236598.724765861
1673654400000,0.09655700648559075,55216.37435431531,11614194.816210728
1673740800000,0.10432389415485098,58744.04688916969,12548582.711529545
1673827200000,0.09792217582108757,65111.63528243522,12042002.920672609
1673913600000,0.10729811878047506,95516.51485683456,11989977.058781536
1674000000000,0.11341834703966695,89387.38719158212,14044279.727866143
1674086400000,0.12029275385914107,329642.438678558,14921709.605712619
1674172800000,0.11936286061127484,61846.85597645336,14929229.184645196
1674259200000,0.12231357201532518,69201.44117391449,15418969.517022196
1674345600000,0.12996173259122135,51885.202198798135,16234314.618141524
1674432000000,0.12330955233630027,103358.17399612811,15457937.365744092
1674518400000,0.11487428224290858,192047.47632102002,14430281.443119677
1674604800000,0.10737082225314185,115720.07302876587,13461762.562113961
1674691200000,0.10203605479458736,149412.55878304155,12865295.071015088
1674777600000,0.10494729299806492,138543.59688168784,13278501.484447185
1674864000000,0.10228401184115976,135635.4004456333,13815292.356890833
1674950400000,0.1031596312585006,84893.9407591265,13945822.899534719
1675036800000,0.11252969616476764,110602.83045623425,15262221.93896135
1675123200000,0.10403049128468506,135151.71310518176,14068919.32463972
1675209600000,0.10435846822179862,54812.58983768208,14120298.269059585
1675296000000,0.10291867058864308,124930.57359199705,13940897.674130393
1675382400000,0.09590371419836122,178841.41289671432,12978747.062690008
1675468800000,0.09046787369578328,68500.79194524357,12335160.357204309
1675555200000,0.0912436725444192,39303.48967828447,12310472.403364455
1675641600000,0.08506835484005991,100376.29493034576,11609686.91676326
1675728000000,0.08622386509764313,37954.32411033895,11726322.55449638
1675814400000,0.0946030636318118,98015.97839258185,12942887.459860057
1675900800000,0.10151551092809266,93139.00181130918,13804532.586854238
1675987200000,0.09445840172730191,137463.2138839335,12947144.22668333
1676073600000,0.09079759133721887,142311.36845828174,12462410.486328525
1676160000000,0.10340103570122103,114660.1531158816,14132577.613602284
1676246400000,0.10019137611929645,53222.318459437105,13723944.284731409
1676332800000,0.09285996972374234,123490.11543968078,12714070.234854853
1676419200000,0.09533315144818917,69949.71373147811,13042210.689734068
1676505600000,0.10635608923970832,80474.97173747893,14554707.898654148
1676592000000,0.10081818895457476,75680.03814894108,13808312.459232686
1676678400000,0.12085526594587041,111418.2859870036,16239602.199106198
1676764800000,0.15553770388539823,405464.5523800767,21357850.51336563
1676851200000,0.1801828818047003,577306.1995606563,24818930.69941421
1676937600000,0.19118078633714938,331707.61412177247,26372510.672858138
1677024000000,0.15883392834189422,476742.647423213,22012125.949778687
1677110400000,0.17606645251008135,245285.7282789293,24254485.329135824
1677196800000,0.18133142137694133,192333.41618344278,25025701.994582746
1677283200000,0.17436827075932337,219901.35691869215,24126275.69908981
1677369600000,0.17227173726399336,69002.40832465996,23804866.17102011
1677456000000,0.1673224426061271,215170.85710073865,23185284.941500105
1677542400000,0.15513817865372007,161599.5476685761,21537096.098348767
1677628800000,0.15414626183054547,99082.33123766686,21335477.39177943
1677715200000,0.16134714740531841,116490.36811152966,22394039.565500725
1677801600000,0.1582592468364717,54295.980882246324,21937594.223923136
1677888000000,0.1437991184483414,99648.19112117922,19966422.629168328
1677974400000,0.14556911124719987,28847.620511136432,20266663.488825724
1678060800000,0.1530208621125743,76931.49674189171,21294176.72490898
1678147200000,0.14962380669638614,57862.66883474059,20787638.71914235
1678233600000,0.15105858515485657,72142.59931496947,20941547.418066535
1678320000000,0.14304010178974377,58671.3304784185,19905107.150669876
1678406400000,0.1306390075860959,135743.86738912872,18223634.526734773
1678492800000,0.12121323260363276,207441.13264919282,16866126.648223735
1678579200000,0.12695900270914012,137089.6542975815,17614299.376675878
1678665600000,0.1426323190136716,139356.3777910028,20055552.606560614
1678752000000,0.1404308561148479,120534.80302414364,19606729.999206092
1678838400000,0.16074285930134785,282213.434697907,22497030.542383306
1678924800000,0.15052488336030712,182845.99837328808,20983466.04305141
1679011200000,0.15474690049523118,91736.17978430369,21640690.07324425
1679097600000,0.1602286915263059,66823.55699226382,22416527.1835844
1679184000000,0.15033617492693577,121510.3280931952,20986586.23438773
1679270400000,0.1523090614181364,30353.279619312023,21354008.602364726
1679356800000,0.1515565231830424,83193.48165638861,21261761.603065953
1679443200000,0.14645032043641332,77243.47276091838,20548756.2316551
1679529600000,0.1381682559299525,92538.70428440944,19350203.669464145
1679616000000,0.14013963775959443,72011.76934787838,19637285.283820912
1679702400000,0.13335495398783348,27196.90603878842,18723196.484287705
1679788800000,0.1283497771078699,26431.277255565856,18022028.189813957
1679875200000,0.1247274689284561,68525.33904710453,17546152.287533756
1679961600000,0.12035536103885655,14457.844689655814,16879270.85308002
1680048000000,0.11917111818024442,26455.300562430348,16735987.514081089
1680134400000,0.1265540742522879,40212.0456444803,17775531.304799497
1680220800000,0.12422605115014307,24547.451988191387,17472779.115623984
1680307200000,0.12381947717127584,38092.390544698435,17430095.789983034
1680393600000,0.12947963125175624,20621.483213897947,18255009.80272232
1680480000000,0.130783055108938,16903.3213257968,18402378.132775653
1680566400000,0.12447237699223329,44712.659457304944,17536764.893114544
1680652800000,0.12385500591115867,19117.848139949983,17410210.984593004
1680739200000,0.12693877478754734,20347.124510757152,17896781.381877087
1680825600000,0.12597926639757734,19244.981013449393,17735632.233009625
1680912000000,0.12874208721686206,21413.56537982328,18130160.18809287
1680998400000,0.12828342243971544,13504.37279446193,18080690.505312007
1681084800000,0.12497163602676906,15612.521751976004,17629097.615801267
1681171200000,0.11565930506144666,143412.89293464672,16313695.566127144
1681257600000,0.14589685429831725,107366.91386270091,20584313.90622315
1681344000000,0.14979584501922608,65494.46054334279,21158441.21376392
1681430400000,0.15428583764313863,44195.976149158676,21765524.694715213
1681516800000,0.15143007909395043,49728.05499585257,21425999.271971807
1681603200000,0.1482624902638171,22423.249471228093,21084376.02488788
1681689600000,0.13999660882520798,33312.351279655755,19730319.801594514
1681776000000,0.14249468027226564,30458.79804321485,20155354.363196354
1681862400000,0.1381483521514778,40193.061767509076,19524052.360342603
1681948800000,0.11792713520115672,161577.39608531675,16668932.051905965
1682035200000,0.1196921997035699,34129.94428104095,16940588.683652364
1682121600000,0.12129468139547527,72611.24860275886,17177886.5820919
1682208000000,0.11938072864071254,33737.88975815279,16930016.74438927
1682294400000,0.11305180350870216,60236.44222745495,16013345.7993911
1682380800000,0.11373977622172321,24602.779087272884,16145467.315347632
1682467200000,0.12014009286202658,29700.70264091957,17082161.87422998
1682553600000,0.12787212571417364,33006.51702894103,18138777.645426463
1682640000000,0.12644203241004565,19646.471382949407,17964580.5646938
1682726400000,0.12576287519167137,19975.29591296588,17897366.09064471
1682812800000,0.12444378097126278,18919.735354519427,17703338.58372454
1682899200000,0.11929091455235334,21624.825553857714,17003103.98260146
1682985600000,0.11654581786735883,15886.310287414513,16651117.753759075
1683072000000,0.11999776472148647,16114.514781417824,17085247.720584806
1683158400000,0.11842280827111842,12400.651298149794,16851006.33798124
1683244800000,0.11726167511103029,37959.30741654242,16707933.178396516
1683331200000,0.12412259359613044,31568.758153482788,17852309.764539678
1683417600000,0.12271746019303041,59819.03571107306,17470888.346654367
1683504000000,0.11799395763908793,16846.31767640088,16839137.983658843
1683590400000,0.11475744692129032,25077.229713051664,16347332.500785094
1683676800000,0.1088781733342541,33967.10135256752,15537009.608849809
1683763200000,0.10919097059044111,82661.01730008851,15585695.699350148
1683849600000,0.10931939235206806,38297.82807650647,15604977.01197343
1683936000000,0.11209521166795064,26549.280509789904,15980889.45562627
1684022400000,0.13116980805390824,43011.43918147323,18875424.32520468
1684108800000,0.1288947726811295,15045.45295551363,18417224.73234315
1684195200000,0.1266617345620575,17053.990055942744,18112862.669655003
1684281600000,0.13229042521953985,39054.419186000174,18917609.10105267
1684368000000,0.1270314680637282,23343.309032437035,18196763.07496836
1684454400000,0.1293314530444775,32217.337538452208,18534891.874328773
1684540800000,0.1304299164183065,51026.14913925725,18691730.791702285
1684627200000,0.13034576262046874,2502.6516364224435,18684030.893845927
1684713600000,0.12748651288775595,4453.7890214228755,18297060.473427348
1684800000000,0.1292232495836936,7817.841611289874,18534380.249353904
1684886400000,0.14106555962569622,12077.866586130333,20240141.151123013
1684972800000,0.1459484509334706,60125.15897721308,20966546.6672756
1685059200000,0.13978465843512153,24924.162112970218,19946247.183044165
1685145600000,0.13969273391726353,25097.957867636596,20061785.201894842
1685232000000,0.1390457763813073,11847.872538936903,19946237.06666355
1685318400000,0.13558767230981483,9625.187160782938,19482219.17929234
1685404800000,0.13571074002397537,14446.539473327583,19476939.881059945
1685491200000,0.1354726866864122,32165.778146308352,19504324.561601724
1685577600000,0.13147384186083858,37823.08943765874,18875921.522086903
1685664000000,0.13037620771484595,7911.097765926383,18859303.801269695
1685750400000,0.13132431029914865,6208.350864386552,19041350.775579646
1685836800000,0.13212429772941262,7295.048695583948,19161092.118163228
1685923200000,0.13407529708365357,20636.072912060965,19514385.601144113
1686009600000,0.11923287048870632,81278.474242112,17347676.45465542
1686096000000,0.12714850334552005,50786.053748875005,18480772.39777951
1686182400000,0.12087961540767372,30411.08229657159,17568439.61985698
1686268800000,0.11884470150866128,25943.334632894384,17246435.986408185
1686355200000,0.10398665948572505,127392.1736710352,15097969.306601068
1686441600000,0.09886994917258578,206673.98551203834,14377883.133548101
1686528000000,0.10143163458712665,37099.326958809375,14733617.398462638
1686614400000,0.0990687948298389,30680.301729799725,14347097.363969006
1686700800000,0.09854306557387936,29307.103301310668,14287991.96580547
1686787200000,0.0973350783806729,21096.343509961684,14131653.451993257
1686873600000,0.09413580417632085,48683.35426117187,13658676.783895329
1686960000000,0.09244166748242567,26350.97395070413,13426788.165146874
1687046400000,0.09673501957410026,21280.00797116026,14057576.774864176
1687132800000,0.09406773390465648,25013.9970778552,13674968.470472164
1687219200000,0.09288032475235354,13907.151285873377,13491987.281034878
1687305600000,0.09811082256983499,22405.17941393341,14259680.85871152
1687392000000,0.10999914919940337,71896.94123851266,15979545.722988669
1687478400000,0.11581921362307808,41983.18831864682,16853773.825241853
1687564800000,0.11511549080316837,34148.93821235533,16675345.08306863
1687651200000,0.11652995168653318,33002.95707120374,16924131.484612912
1687737600000,0.11518240143203567,13032.281974643985,16741612.607597176
1687824000000,0.10467049898119553,56536.10114537002,15184239.53273754
1687910400000,0.10537439234418114,29291.6092773619,15336907.35428208
1687996800000,0.1029977977170842,16265.30472621289,14992536.747877235
1688083200000,0.11122183389697234,99329.13543859818,16087245.383633416
1688169600000,0.10704332634202207,66546.57077954207,15564776.070535328
1688256000000,0.108621214872079,9551.267801458447,15776420.5413156
1688342400000,0.10738221571621412,21595.932040741576,15629395.135199672
1688428800000,0.10909382435476854,54241.01658979628,15945383.081015343
1688515200000,0.10434617998926743,41658.83180766723,15243016.57317726
1688601600000,0.10057085488356196,29801.68686512895,14822447.22298518
1688688000000,0.09769142516648197,62166.95076574204,14247645.660603262
1688774400000,0.10037479830141316,44912.21939664778,14662776.183943344
1688860800000,0.10980306453838083,123893.64947219132,16015810.899718853
1688947200000,0.10786860153707398,14673.394532699993,15730843.477024257
1689033600000,0.10479415271706927,7520.609131414195,15267436.129295267
1689120000000,0.10787387462932332,9034.74082181315,15762781.482697241
1689206400000,0.108979500622243,3378.4772387310995,15959303.363051811
1689292800000,0.11752967066958063,37482.96978359901,17238684.792217433
1689379200000,0.11697355845913486,58872.381647758535,17037283.35412875
1689465600000,0.11669779253228175,12266.019170639936,17051205.843715083
1689552000000,0.11672853091702609,7501.433152809031,17148360.203571264
1689638400000,0.1167803584062351,8685.696039793122,17098204.259877205
1689724800000,0.1135845942439284,20062.698022481676,16634355.63547859
1689811200000,0.11044366882771461,12768.147602233908,16172376.021395737
1689897600000,0.11372628429416583,22564.6437884468,16698887.203666661
1689984000000,0.11544562105424279,18741.94030082996,16912836.395879086
1690070400000,0.10699464624854658,34973.16226496039,15726190.150748203
1690156800000,0.11234226129543025,16847.966894353198,16463779.71826266
1690243200000,0.10481571288745276,21068.099659499632,15394904.132767413
1690329600000,0.1064069579148031,16680.74737206172,15569481.620609617
1690416000000,0.1018866355734682,17930.96786707108,14925792.188559521
1690502400000,0.10205458750673145,13721.743373589923,14960129.750291126
1690588800000,0.10394987984315793,14744.245894840633,15229805.780606383
1690675200000,0.1150631719323404,29084.710415081,16882242.500113733
1690761600000,0.11348861971203825,8023.213636834808,16678393.82588668
1690848000000,0.11475723601731143,17101.40332344121,16861021.366276395
1690934400000,0.11893658647060248,18355.77029812903,17453310.739409722
1691020800000,0.11865522436209476,9022.208379143398,17441142.737014633
1691107200000,0.11676392224416021,7075.669296226415,17183053.051164098
1691193600000,0.12058534685273115,15750.295059684153,17747234.05710646
1691280000000,0.1208718084051253,14891.21038867629,17783414.3022843
1691366400000,0.11885560705516762,18040.821464712513,17591701.955460623
1691452800000,0.11532120538505905,7322.602270819635,16980140.604525384
1691539200000,0.1161607446732089,10150.836744257413,17100577.205342874
1691625600000,0.120303109839507,18170.0564432522,17717858.423709042
1691712000000,0.11861697325283128,3682.3207033306594,17476138.133161474
1691798400000,0.11489222819347811,9927.171114324416,16932787.709881745
1691884800000,0.10875812992946848,10923.136547424885,16013240.260579867
1691971200000,0.10887826088964732,5004.217643159139,16079187.70160023
1692057600000,0.1081474933486389,34906.54391777002,15921215.52529282
1692144000000,0.10484701470243285,11998.19175114581,15442262.958572295
1692230400000,0.09986235896229181,25811.282934159542,14739892.289353147
1692316800000,0.09889473189151969,25284.429057019846,14640440.656567337
1692403200000,0.10537373168771748,23041.46540912372,15505297.23460949
1692489600000,0.11368609768561422,20855.600673611443,16779423.582240198
1692576000000,0.10875330950996163,9494.530300779823,16111246.898794595
1692662400000,0.10604609670289551,13937.657277393315,15680062.936076438
1692748800000,0.1011456470708359,43726.46094822529,14923204.254601475
1692835200000,0.10575280764414954,24912.712031338797,15650857.271964606
1692921600000,0.10552967141006733,10316.698274904616,15644893.622374179
1693008000000,0.10734525504467236,15783.877022017923,15843273.801899232
1693094400000,0.10877690570177673,14763.161736308177,16063729.03611032
1693180800000,0.10809592153553547,2527.2516472344064,15972849.680060746
1693267200000,0.11010659786218717,35455.044245527744,16276268.55034152
1693353600000,0.11610300123319608,21996.527434911117,17140850.25361117
1693440000000,0.11168972266474252,17155.25144348833,16533543.584237162
1693526400000,0.10626863899560032,13370.330424917473,15717196.104217976
1693612800000,0.10698548594226007,6434.510469165084,15812004.516048169
1693699200000,0.10758074713282727,11596.407584985003,15907566.120318335
1693785600000,0.10909976742950787,3929.7835274379204,16138490.916862568
1693872000000,0.10552423128333561,13406.24712849861,15587026.424097162
1693958400000,0.10504070041804739,10853.660662922077,15518358.56598877
1694044800000,0.10410440856168592,7619.650703454601,15397297.499202944
1694131200000,0.10102199641863899,9176.628929501341,14949181.799166048
1694217600000,0.10162968774341138,20053.41921361698,15040241.302807856
1694304000000,0.10072656775915728,3857.313694494851,14916220.19082063
1694390400000,0.09881895230067814,17672.90196833676,14646332.237067686
1694476800000,0.08308641925251216,60712.342835008894,12264315.621099891
1694563200000,0.08760663197691725,90946.31044725442,12953473.922257131
1694649600000,0.07300690786148353,51032.265395693954,10802805.876697503
1694736000000,0.07761388264899133,83130.37128795772,11513456.884208377
1694822400000,0.07747686583596684,7106.051434812683,11489676.457656804
1694908800000,0.07920600805467777,5650.956369303965,11742680.74644772
1694995200000,0.07018409165547546,35102.5837912341,10043387.874520097
1695081600000,0.07867945395004171,19198.773278066197,11660139.919245949
1695168000000,0.07827004723053317,7918.507166874897,11604287.232430423
1695254400000,0.07855904518082492,9997.068685491347,11654807.77460058
1695340800000,0.07456157245217936,11329.422701744144,11053361.467859583
1695427200000,0.07404648928388198,8382.139653823413,11000892.047136096
1695513600000,0.08792451287376837,28388.050872452284,13047811.17657365
1695600000000,0.08997352875457984,18810.798117307313,13346017.584531369
1695686400000,0.09457238582176587,33967.52738153374,13966263.00880066
1695772800000,0.10052086197057605,36922.20378758547,14944085.397874715
1695859200000,0.10379999612380858,16969.42256066601,15417165.895768259
1695945600000,0.10705482293510431,10904.283319356491,15890462.388150709
1696032000000,0.10238111313545008,20898.591208477366,15201683.40794615
1696118400000,0.09486449065498309,39696.93991803863,14075843.965331076
1696204800000,0.09595717586108786,50753.686527825754,14275598.865535345
1696291200000,0.08869942677187354,34863.20227774988,13155111.332397843
1696377600000,0.09077265565868747,18484.04959020508,13500120.26566198
1696464000000,0.09101448125070376,10411.159237520407,13520630.37002506
1696550400000,0.08418712233997934,18451.31766295438,12519943.368276905
1696636800000,0.08940244712614992,21188.688916848074,13286580.423210492
1696723200000,0.08817789829496095,10851.871045218119,13102625.93558348
1696809600000,0.08698466508751342,6916.735745803963,12936438.24251358
1696896000000,0.0857899812294736,7146.946289318162,12807040.169544358
1696982400000,0.08509704579111595,8715.26121208875,12706999.008719081
1697068800000,0.0823331810472173,15120.264334273561,12275589.662091859
1697155200000,0.08153982919509029,5844.4656453663865,12211155.26825763
1697241600000,0.08143282263894866,8545.291593589744,12154759.803945761
1697328000000,0.079116212926218,14008.238087672109,11810253.89235452
1697414400000,0.07960996882178431,3772.364352172241,11902812.09163252
1697500800000,0.07968846917418451,22779.353875552642,11910911.237631164
1697587200000,0.07359708221421568,18645.030365202976,10998984.865572784
1697673600000,0.07400386299588448,2564.2808004444637,11056326.178156326
1697760000000,0.0711198510309005,16694.56209396524,10607389.989093374
1697846400000,0.07726793857316712,35334.43681414706,11568787.756261783
1697932800000,0.0785600428265494,14522.170815641477,11776498.106367989
1698019200000,0.07531198022154881,11454.762846307305,11260710.228749659
1698105600000,0.07643107725560425,66034.33159409747,11369698.818085479
1698192000000,0.07829327159872353,49726.05529515732,11718886.922992075
1698278400000,0.07761381044274382,63190.34127466753,11601812.726907311
1698364800000,0.0774462294041439,49787.765735247114,11568292.744041504
1698451200000,0.07563904759944357,22949.42372296206,11320035.844619004
1698537600000,0.07716590305613993,13452.403696939553,11511350.738642639
1698624000000,0.0789525300371141,13763.738712526734,11796387.440292936
1698710400000,0.08375992394684989,36557.376603869736,12529629.980879312
1698796800000,0.14205678312344874,344011.90346719377,21439705.549537003
1698883200000,0.13333549933810687,350058.7512219564,19945152.43783678
1698969600000,0.11872284904027522,124857.04146263155,17788328.29738702
1699056000000,0.1182785655651093,36451.729169685575,17738020.556217056
1699142400000,0.12137074689154827,37358.00928130313,18178333.859973367
1699228800000,0.11725504462374373,25843.950069831102,17570637.93478426
1699315200000,0.11897013421952803,25888.244343616265,17778940.006940268
1699401600000,0.11113214587416026,46136.92705318027,16762304.343417924
1699488000000,0.10441250880553965,62725.60089003766,15721259.28420738
1699574400000,0.16320161206513717,1017107.2189656239,24439721.817079008
1699660800000,0.34758037257325813,1744658.7457820883,51997577.49855416
1699747200000,0.35902740232186914,2103276.6175783332,53627837.86477535
1699833600000,0.34228522375728854,998337.9327523989,52250592.69223794
1699920000000,0.2940337499930769,621651.6498971955,45693397.71693553
1700006400000,0.3819933067049491,1100402.2702906025,58491463.60618518
1700092800000,0.4189095809827076,1230830.521248135,64052711.94995463
1700179200000,0.31914630901460433,818374.1665852767,49107547.42488526
1700265600000,0.30313628581290303,389960.5130017882,46518091.76651439
1700352000000,0.3781108708365182,574667.1977664209,59529690.396675825
1700438400000,0.4393216438434065,1262558.2566280873,67588201.52302432
1700524800000,0.3765876044965895,854103.0467460878,57787756.21247766
1700611200000,0.3328111312234099,464192.9982213321,51155893.66740222
1700697600000,0.5076655532282017,1417239.5581136027,78214784.17865309
1700784000000,0.47178348599846376,565352.541658769,72558975.85069828
1700870400000,0.466462525401711,498572.28850979,71930296.81816562
1700956800000,0.5515681029107876,748774.506948999,84537446.90822813
1701043200000,0.6698096602283186,622303.3771032424,102833433.6269542
1701129600000,0.5520567625090294,968745.1220832885,85228641.71647605
1701216000000,0.6378671664953641,797436.7760368711,98701554.96832441
1701302400000,0.6514410524158867,901347.2135279032,101088434.23202266
1701388800000,0.7602073381575218,1525970.3966340774,117823365.10604686
1701475200000,0.8480093611019748,2211406.6559106847,131771397.16067113
1701561600000,0.8789907167189689,1357202.6531425167,136664720.5050329
1701648000000,0.8224426011671707,911635.9774082967,127940905.619876
1701734400000,0.7513423954791735,1923005.3272577336,116921090.9726648
1701820800000,0.6754092947266433,726536.6627213306,105541075.63683486
1701907200000,0.6651808266242555,1602027.981519297,104769070.70134954
1701993600000,0.7387555978155499,1507261.8725202875,115156509.04403429
1702080000000,0.7941721119785579,2966455.470242295,124615824.46696973
1702166400000,0.697918345237457,1646414.9391216,110835173.15683061
1702252800000,0.742960621938267,982293.9381162823,113264216.96164659
1702339200000,0.8329609849094499,1842199.3651780835,126200065.84999567
1702425600000,0.8048630764895012,4040155.736855892,126014493.50373861
1702512000000,1.1189648883498335,4318812.88590705,173148115.29771644
1702598400000,1.3687956098975418,5881768.955816705,214597818.9150512
1702684800000,1.2068788290005816,4427056.242690749,202991210.9368164
1702771200000,1.3517054051835606,3279838.7104843617,213723502.24923432
1702857600000,1.2826063317490897,2014573.5935628067,202027312.2924819
1702944000000,1.3401445336776823,2726686.4174445057,208275027.67135102
1703030400000,1.2133228365895268,2142842.0274686716,190203543.7752855
1703116800000,1.2408428534583056,2567401.356057455,194701757.39090547
1703203200000,1.2003014164799708,2741597.6743724174,189340798.80667898
1703289600000,1.123817444141294,2452806.5582140605,176708722.99258
1703376000000,1.2509198100481664,1792732.7420805641,198561033.87359065
1703462400000,1.2242273365252427,1903350.7072386583,193456162.52991697
1703548800000,1.1720367577899955,1277851.3284478867,184100405.70150584
1703635200000,1.063545713191743,952277.4152672454,167103453.5843505
1703721600000,1.1960798802331152,1267894.3003809443,188467252.7246545
1703808000000,1.1588885443271748,1547945.905647306,182995562.7311174
1703894400000,1.1839792422505682,1177861.0034282561,186770349.5830214
1703980800000,1.2336022279340506,1562174.3018821275,195059507.7271833
1704067200000,1.2870141090834675,1418691.6236491026,205157833.04129446
1704153600000,1.7116937402735994,2859428.3913280205,268512672.68217367
1704240000000,1.4408036666460071,3023113.107815328,229742728.95556176
1704326400000,1.4229853800850678,2644277.787001393,223093399.64772648
1704412800000,1.4237980492176605,2139036.2693615872,221252910.37909317
1704499200000,1.257696876014445,2427061.790239305,198878319.5137446
1704585600000,1.1717838236437943,1250984.5150795681,185086950.887853
1704672000000,1.1279974200392582,1286402.3937159504,179663601.50527066
1704758400000,1.4927248612330983,2906454.411705954,236723989.41887343
1704844800000,1.3843036999344729,3036717.5897534383,217003006.15550312
1704931200000,1.582427597358022,2255528.3186634267,250511901.2185255
1705017600000,1.392162112577962,2865754.861628598,220797495.89838445
1705104000000,1.223685404683827,2212569.8786328393,195522969.5378725
1705190400000,1.3550731320504785,2601582.02136176,214810298.16282701
1705276800000,1.2489936738619012,2542851.2337213056,201121070.7336241
1705363200000,1.2149589516465304,1505118.7643977406,192668089.00381264
1705449600000,1.2811229351078044,1590947.5147087374,202353941.73726082
1705536000000,1.13957917532593,1929744.3140269397,180771670.59863678
1705622400000,0.9913763947460412,2036055.5100235823,158537773.04705846
1705708800000,1.1570103530839855,2943328.0217097057,182152277.08424535
1705795200000,1.2181837836003473,2108910.09416753,193851297.17855886
1705881600000,1.1971868186490189,844197.3540013336,190067497.63266733
1705968000000,1.0605333559120502,1500330.8544482805,169040553.7114615
1706054400000,1.0558251073621354,353224.73478215386,167592256.41166085
1706140800000,1.087750343376031,521847.3899791578,171985668.94792894
1706227200000,1.0409861905950881,692501.2537380739,165532195.27726313
1706313600000,1.1538002197332662,1020583.3311034155,183224143.17302567
1706400000000,1.1569697818321552,412908.2879037259,183698872.73941892
1706486400000,1.1253724348255643,609393.7830205526,178885179.90617272
1706572800000,1.1790147127630617,688511.3964014745,187295121.3727395
1706659200000,1.1991030396202484,875450.6360451473,190048794.20248047
1706745600000,1.0322744465070102,1315132.304746115,163787870.81557164
1706832000000,1.0705308200172068,928900.6422227389,170473703.46780804
1706918400000,1.0843712102944696,762398.7304001938,172578918.54546845
1707004800000,1.0529427278457597,303704.2928654908,167791243.53251177
1707091200000,0.981772428416857,584088.3206028538,156851461.80572343
1707177600000,0.9239595105622908,1223581.4024941463,147039892.1176686
1707264000000,1.0298436016540593,963335.9380323234,163847621.87871063
1707350400000,0.996964930731865,826263.351399863,158812726.0554214
1707436800000,1.066608019129737,610247.4646408416,170418152.96161553
1707523200000,1.1524341164575118,555605.0058221659,185837717.16227454
1707609600000,1.1005377526363667,335267.03141697135,175971691.74019462
1707696000000,1.0513422024029806,571934.3518646681,167719488.83973482
1707782400000,1.0815448875099565,814625.2648642836,172864386.7259532
1707868800000,1.0676740852217483,640734.2972807485,169566591.89960212
1707955200000,1.2368298596702505,21483.218156762276,193811331.45050532
1708041600000,1.184625797694468,883475.1554479487,188085290.35744444
1708128000000,1.224639591477245,717166.0088236453,199265386.4583264
1708214400000,1.0029926159684799,2158437.701716149,160476668.3464639
1708300800000,1.0475139495309433,917432.5740845104,168121637.50504702
1708387200000,0.9861483701196933,847223.8578164342,158238735.534459
1708473600000,1.041003496899388,1474205.861994625,166562551.0320735
1708560000000,1.0363570201722316,652469.0296909257,165741110.0325169
1708646400000,1.1292878248181053,637013.2187326367,180489758.28787145
1708732800000,1.3713179373327458,3843176.3283742853,219665810.31231764
1708819200000,1.3644739136842547,2426451.191729691,218312308.37538683
1708905600000,1.2124895440638273,1807421.6146292484,192144544.45436913
1708992000000,1.2313119243847592,1983812.9645960417,197212305.86372796
1709078400000,1.2682872892505388,1421920.4897180463,202637967.96056902
1709164800000,1.1874423707541348,2486464.260137634,189444692.2794131
1709251200000,1.1614067106912958,1403345.4887178456,184970710.15921938
1709337600000,1.0591362967680855,1646129.20299253,169607567.87750039
1709424000000,1.0906246902152397,1216685.142532072,174531282.70346034
1709510400000,1.0746550731960907,1591183.4059783977,171909879.4112902
1709596800000,1.1535549343587677,2207770.023481513,183355897.54886055
1709683200000,1.2175606546930111,2162213.912558153,193899811.2674155
1709769600000,1.1308761636363844,1491824.2439804694,177894118.61421964
1709856000000,1.1912061198863553,1656045.638905172,189914946.54550046
1709942400000,1.1642721414972867,1340833.7413545647,186249913.20158765
1710028800000,1.1606124668762632,918491.5458990409,185931022.89071557
1710115200000,1.1366491199102828,749811.0822643058,181888694.3215717
1710201600000,1.4338084980474928,1724953.9859118836,228590120.54806322
1710288000000,1.35977819454722,2264768.7935392796,217810666.86021298
1710374400000,1.506557629136696,2377027.468098025,241399123.59729084
1710460800000,1.5410992561629462,1784334.1967115942,247056420.41547933
1710547200000,1.2978997089296291,2071258.756289152,208179928.83859947
1710633600000,1.27596181445751,1684477.1181140032,208696721.9895268
1710720000000,1.6805638616932717,1418404.2659304999,269519002.9519894
1710806400000,1.5469950604696598,3394.329513509528,248164219.2818963
1710892800000,1.327248747785935,1102582.04802101,212920107.92386624
1710979200000,1.563783013285909,1394029.730777991,258297149.6342198
1711065600000,1.4190836801067273,1114031.1979958166,225898458.45519888
1711152000000,1.4219056663110934,767257.1553411408,226297972.43182003
1711238400000,1.3829325999599367,526709.1197614489,222356285.10585004
1711324800000,1.4075751803228984,647635.376650879,224525251.0922154
1711411200000,1.4441830218166793,1113946.57169684,230636094.9338669
1711497600000,1.4031222453131937,548859.7405286873,225106507.65515456
1711584000000,2.315258090108445,13257967.741605978,370302120.35335356
1711670400000,1.974107878312399,2339472.086010188,317590124.27291006
1711756800000,1.95715121086871,2330675.6272274163,313955203.0792089
1711843200000,1.9869841520780225,1683410.3272408077,319187549.67011446
1711929600000,2.112531213512364,731614.9935283547,340365437.0354832
1712016000000,2.0989488060055974,1359474.5853173255,337079679.47364384
1712102400000,1.9454632854809235,1011424.1662833685,312719518.79970545
1712188800000,1.9584776777443331,918413.4311911467,314901811.1898574
1712275200000,1.8458369760464985,1293832.9731866918,296373802.0127765
1712361600000,1.8666174396872737,977696.283863977,301083475.9704513
1712448000000,1.8660212000672878,452044.57865398127,299423648.3891362
1712534400000,1.8375552443992105,768437.8463285344,295699807.03391826
1712620800000,1.8416991680224841,918556.0015291327,296022736.3423702
1712707200000,2.0254453688048724,3723357.82761213,325612850.5831725
1712793600000,1.9206253846616999,3028890.263161718,308477101.1333787
1712880000000,1.921746205678702,47814182.52426493,304116066.0823931
1712966400000,1.5852626288756393,3565709.500671695,253855469.8550722
1713052800000,1.3351241696446836,4573866.534921261,214927308.5569444
1713139200000,1.4540686728656826,2377343.9813779825,232826060.8996616
1713225600000,1.163017868504012,2681046.453521671,186091990.17628944
1713312000000,1.2034765712763733,3684179.967182377,191404690.6279749
1713398400000,1.0689164620985911,1862598.522145695,172065263.96490595
1713484800000,1.1405776871135183,1779379.2210292548,183975035.11962652
1713571200000,1.0649524979287812,2133627.012535261,171552201.5652756
1713657600000,1.1400754341075197,1917531.3940492254,183603312.13338855
1713744000000,1.09316535094853,1971241.617055282,176152975.49337816
1713830400000,1.150471497602533,2106159.4735414535,184344827.9962331
1713916800000,1.0503137819105526,2252510.5519017065,168693146.38677672
1714003200000,0.9981094940441642,2618870.798270856,160595948.22295955
1714089600000,1.1178569664115274,2848296.5366239143,180780587.44226483
1714176000000,0.9492888565805945,1499441.4756899658,152523213.48579106
1714262400000,0.9693332506997153,1197445.5249194948,155955047.57526094
1714348800000,0.8969850622216893,1151764.3637209088,143501847.5983738
1714435200000,0.8325361793469885,1437571.0553464205,133521872.35148066
1714521600000,0.7808517230255377,2817479.6460047327,125996446.84733517
1714608000000,0.7851960219090218,2110795.745827444,127012604.33468676
1714694400000,0.7869618070702527,1086070.9103932215,126692075.7403408
1714780800000,0.8458403573870804,2017669.4576303314,136423341.3683255
1714867200000,0.7905559057060305,1240631.5279770684,126206888.30302207
1714953600000,0.7564318067663515,1076316.556716514,121511040.61615574
1715040000000,0.7558432045432778,1727910.4814736105,121487147.94490013
1715126400000,0.9119519016516109,3782358.1167989047,147120803.8185366
1715212800000,0.7909196804959802,1688327.1646728932,127346430.81263265
1715299200000,0.908233730419756,2195183.703481117,146420133.15718457
1715385600000,0.7477037495699119,2270016.132933885,120133827.2944233
1715472000000,0.6946732514957871,2429961.791443468,111636776.16080229
1715558400000,0.6780668297486049,1069804.9561437028,109153583.37263356
1715644800000,0.6332577366963124,1640447.028916699,102143594.69413199
1715731200000,0.5509804949536466,1785100.4579636331,88794969.8896183
1715817600000,0.6425978503509219,2670044.3489544857,103551985.59761783
1715904000000,0.6064170107801172,1736611.0564487937,97931590.63604268
1715990400000,0.608348758949099,1500719.2200537194,97909372.94978036
1716076800000,0.6086428341245258,628020.0046955448,98066648.95714799
1716163200000,0.5833544525763085,728138.9327045033,93968321.73732966
1716249600000,0.6320128545747465,1822611.6853149508,101633121.33340661
1716336000000,0.6146105901698925,1809989.0284003452,98926720.94546913
1716422400000,0.6036030450588775,1593476.372835826,96879556.28084086
1716508800000,0.5531732247604095,1566587.2820445495,89237012.85465643
1716595200000,0.5650291966087844,1083645.7738950232,90682236.3852957
1716681600000,0.5544120656102518,1187375.8786299117,88859722.77722734
1716768000000,0.5321782467390473,1010101.6316843646,85774344.51255779
1716854400000,0.5295883118645736,1305904.5720564898,85209798.34873678
1716940800000,0.5028790394163171,1324677.602310383,80983247.67207542
1717027200000,0.49998254208455656,1188138.487318155,80423087.6474937
1717113600000,0.4369292267573178,957640.7731565761,70565415.68373464
1717200000000,0.4156992297058516,1065373.8668057509,67142086.8190717
1717286400000,0.5056563960719185,2373110.8856524187,80508163.4253975
1717372800000,0.446187379228608,2153601.5233718716,71997320.73680098
1717459200000,0.4477004601329105,1454840.5780810553,72102664.0860792
1717545600000,0.48112503616136215,1448530.099752298,77135060.84955797
1717632000000,0.4719794896777193,1526089.0172258883,76287315.5875767
1717718400000,0.4580168886047139,1032596.1923376746,74080714.33048001
1717804800000,0.47313723302357374,1592718.6231017904,75572477.27617845
1717891200000,0.5119921632984087,5617755.388719104,82543986.28167106
1717977600000,0.4951450839324003,1632668.8707954106,79994357.86635326
1718064000000,0.47774498274031413,993191.4176689591,76802276.54672426
1718150400000,0.443821400622593,1663096.0379162203,71547738.38168216
1718236800000,0.4533503997059641,671829.5898043336,73051688.74210945
1718323200000,0.4199981316536066,1098915.825392063,67786516.3488641
1718409600000,0.4233650058964053,1179909.7696471158,68144912.24693449
1718496000000,0.47449611776147477,1181276.4677957825,76586431.497995
1718582400000,0.5016343179271876,1645315.7583534967,80389200.70434676
1718668800000,0.45606184090525026,804308.961628735,73475336.82412662
1718755200000,0.4642492546664511,1166909.7438905956,74673402.44480352
1718841600000,0.5273146661554088,2041516.2579358853,84928001.71577771
1718928000000,0.6369554195068446,1949000.952437232,100945870.78212337
1719014400000,0.5647101383303197,870549.6148229251,90992600.22413942
1719100800000,0.5450520124628625,336862.2217594551,87670863.63189024
1719187200000,0.5046227514222127,705905.1886215191,81338572.9359477
1719273600000,0.49307114646980915,1688479.493755079,79502856.2822888
1719360000000,0.5997587313275782,2743045.0869035386,96539691.16040963
1719446400000,0.5895758383114379,1018188.3747908671,95016039.62096664
1719532800000,0.5881462083316599,1262058.8042594437,94685657.0568641
1719619200000,0.5622157969236553,625246.8923895607,90515669.31093077
1719705600000,0.5545889260849245,411873.3595622218,89446449.8222428
1719792000000,0.5658311080819106,726866.1409471984,91155534.23147781
1719878400000,0.5963571826373288,990718.6217289176,96010613.66550899
1719964800000,0.6606958018571262,1517980.3999379785,106164221.93382801
1720051200000,0.6089313996023498,999067.396564291,98109209.45373796
1720137600000,0.5538297438341458,894851.7278893683,89512610.64305428
1720224000000,0.5464058763428233,1137860.39367094,88130605.69941533
1720310400000,0.6035364516804369,512331.17392050446,97182313.11193319
1720396800000,0.5241943822464554,475242.09464265476,84803556.06022434
1720483200000,0.5635938025506947,868500.0251640057,90855209.35551265
1720569600000,0.5412257772209016,591714.126697042,87290359.406473
1720656000000,0.5112116617649687,1013315.4144353104,82446233.42764899
1720742400000,0.5033077045389408,857614.0478533295,81577050.99720417
1720828800000,0.48275016273190774,424619.1899920394,78062743.36254908
1720915200000,0.5135141347328837,356738.38511421584,82465497.13998434
1721001600000,0.4954828844888459,535489.5384804917,79951253.17972897
1721088000000,0.5259416647895249,1133268.8505583997,84757262.32192047
1721174400000,0.5141927669147498,757746.3500369238,82880975.34909806
1721260800000,0.47856055131884717,868760.2147115797,77164808.85896714
1721347200000,0.5067701772251776,629244.8101051634,81756422.80855736
1721433600000,0.5213234520449401,712515.1904682366,84106862.53411993
1721520000000,0.5142813423091879,486679.04675785353,82924600.46410951
1721606400000,0.5377613186026414,774718.3634853603,86704105.49216832
1721692800000,0.4901007592746197,756775.473824326,79042733.94552757
1721779200000,0.47807755735399243,670964.1019772661,77083399.39320193
1721865600000,0.47112997769659937,450530.82363239635,75984973.94749784
1721952000000,0.46716284449457496,541418.1367597388,75335062.6427854
1722038400000,0.5056802363129445,767621.967561826,81538325.64595747
1722124800000,0.49552656983945687,616784.0501833224,79899778.90157254
1722211200000,0.4836582365581751,282749.0931307201,77886827.5654311
1722297600000,0.5049045166093963,826695.8480390765,81555801.64777145
1722384000000,0.47835220452423266,551528.9720755133,76882852.7269959
1722470400000,0.4540437346182691,492415.47572956124,73195256.18919015
1722556800000,0.42825222734848534,759191.6786206682,68986998.50819857
1722643200000,0.37250967255294143,815049.6950481435,60128852.85657216
1722729600000,0.3442356554473689,528179.8008532246,55510772.675349504
1722816000000,0.3346376338158505,605757.9909014115,54069624.109947294
1722902400000,0.31345195889790867,1271674.4217360392,50333674.8627835
1722988800000,0.3537146792370995,783513.2376034048,57055862.8945742
1723075200000,0.3364544419411686,692768.4892374602,54295156.416516885
1723161600000,0.3764789952034097,949385.4383523238,60710870.260000326
1723248000000,0.3594187411233665,633157.1163683215,57973446.0606196
1723334400000,0.3693223330047147,402365.4880385562,59536106.26347607
1723420800000,0.3425613288646574,329645.87585751264,55266750.9462085
1723507200000,0.3442066284377215,613891.9877048265,55511498.23822247
1723593600000,0.35065942624809143,336519.8187146172,56520280.96476776
1723680000000,0.3569822749404482,523236.65381162113,57523318.92712811
1723766400000,0.36011473162054514,641101.5472822594,58022294.23289644
1723852800000,0.3475844404132376,429502.8596155719,56052459.516353264
1723939200000,0.3514379774886364,228670.60097990627,56683448.39978295
1724025600000,0.33844802286164866,464288.2384014548,54580491.215974145
1724112000000,0.3454061323530656,215842.2504069603,55670239.880574256
1724198400000,0.3425375677233645,183906.07124917366,55272681.871613495
1724284800000,0.34640423059747544,328743.60591888195,55851596.05376164
1724371200000,0.3446529725201728,284773.6828389782,55596147.75899559
1724457600000,0.38790655781730726,839718.8528320941,62637156.315886326
1724544000000,0.44090018469539327,2329589.4677703343,71106476.08670808
1724630400000,0.4641068358699505,529655.581298726,74988665.81883864
1724716800000,0.43982875021448187,674887.2662547854,70951420.40650214
1724803200000,0.40715514489104626,428888.5690526805,65780493.125257306
1724889600000,0.39435852349494693,321238.9420501765,63633543.540663995
1724976000000,0.38632509264846937,344463.90953936084,62273390.19983504
1725062400000,0.3754910969094431,479176.97848842695,60525003.05743264
1725148800000,0.3759422300449928,179476.17292811835,60669708.59573708
1725235200000,0.36119618458410563,307139.544653568,58630697.76717115
1725321600000,0.3748304538006324,369615.39677815314,60534997.16198341
1725408000000,0.36029857642541585,374604.84880196257,58324648.316715315
1725494400000,0.37281636467322,310381.44832534844,60131016.49721862
1725580800000,0.3576197532234463,313093.6291276236,57771014.46746409
1725667200000,0.34831008339420455,434416.1569672902,56202037.61873573
1725753600000,0.35691124758770143,206595.5757558482,57572527.670043305
1725840000000,0.3638948557176125,233364.77249160508,58698550.57291357
1725926400000,0.3834471452921345,332506.40134182404,61878279.577277936
1726012800000,0.3816656744855341,347008.93382537155,61590891.63620529
1726099200000,0.3806806363793137,312373.7023648462,61400325.06331524
1726185600000,0.41381451996455865,596415.0121569026,66816289.25555519
1726272000000,0.4377223762583398,293410.5772032114,70637014.26053591
1726358400000,0.43519415933219113,266359.62482530705,70239884.42335503
1726444800000,0.4027770072710852,312537.7352969183,64957390.97039662
1726531200000,0.38254329378319235,266599.6260650726,61795526.26152754
1726617600000,0.38424639004072597,439435.11106622353,62027487.297254495
1726704000000,0.3764890591314747,592256.5881177925,60561235.0151149
1726790400000,0.3954568160739517,634679.6592525758,63709100.628084525
1726876800000,0.38441295925059243,745095.6575077809,62039925.81984967
1726963200000,0.3740930542271252,462514.2970955366,60386770.41810324
1727049600000,0.36041456452361,304340.19453034,58122425.90009075
1727136000000,0.3667165274880257,469843.7955694923,59184001.2980873
1727222400000,0.38107524186152214,924527.9856272484,61392285.475843854
1727308800000,0.36923011308745707,672410.3378922564,59541741.89011519
1727395200000,0.35817424278352855,687482.6307779652,57818201.58234864
1727481600000,0.4066141369458887,909534.0412837773,65612524.206560135
1727568000000,0.38590874672904224,1081188.627811551,62324941.33154761
1727654400000,0.3960021690707618,419315.6220620682,63875879.219833486
1727740800000,0.3624057003395915,457592.2967091046,58445138.48084316
1727827200000,0.33647233177700603,932792.0908954971,54207133.39730465
1727913600000,0.3340542635419793,407027.6133402253,53929115.20606892
1728000000000,0.32686219372079356,464535.73921706516,52700866.56175815
1728086400000,0.34203556719760114,314205.3004813751,55366603.6477752
1728172800000,0.3311701827952714,185391.59394017223,53428895.430144235
1728259200000,0.3313978291360083,266123.6278509725,53491881.78989351
1728345600000,0.3437138359299935,662062.0410692984,55475290.68414893
1728432000000,0.34202628092587306,307419.98083227605,55197068.69118407
1728518400000,0.32834939331605256,245385.97952123662,53031782.83295775
1728604800000,0.3252927639699788,341013.22026101995,52585697.9917726
1728691200000,0.32873257633040875,407383.35982386215,53057668.90037419
1728777600000,0.31823767082430177,494527.23523244524,51363857.27216564
1728864000000,0.30231690867722893,638335.019293368,48765432.480205536
1728950400000,0.3280574321173701,521303.36331939726,53091160.87351764
1729036800000,0.3348053304472177,995224.532155617,54043175.695603855
1729123200000,0.3321952054786216,727697.543481231,53621046.89165763
1729209600000,0.3074357322409567,537376.0857462517,49624512.02575586
1729296000000,0.32222503214474424,330315.9156548657,51938862.113232344
1729382400000,0.31877024067012594,609805.2619862306,51487205.896570705
1729468800000,0.32880940356344773,544491.1321982007,53049857.839973874
1729555200000,0.3274281695475918,380732.17921009194,52862896.84328874
1729641600000,0.32201448186692605,242551.81290595923,51992409.24789821
1729728000000,0.30142907778362993,382117.05376996024,48663255.281781465
1729814400000,0.3584334447462008,1820048.576823485,57870767.197965026
1729900800000,0.3492303854851395,2563601.6376236593,56291197.41785103
1729987200000,0.38970836140613235,760978.939448433,62917391.84504527
1730073600000,0.5145281429628767,6271350.2611115435,83045022.259559
1730160000000,0.5022939847006942,2366279.572652492,81280721.66865914
1730246400000,0.47961677127656266,1857854.7740485696,77434805.44989295
1730332800000,0.448573607244412,2735950.8242899845,72445238.03436571
1730419200000,0.3587018088094359,8683054.216063445,57978552.30768918
1730505600000,0.31119579473941444,2642760.237913306,50380502.04701719
1730592000000,0.2861944816183974,3726613.0159989265,46167057.998458825
1730678400000,0.25982797783208483,1938621.589348312,41822783.952844106
1730764800000,0.26567930855117455,1794070.8718798123,42866693.882034056
1730851200000,0.2774072594508951,1163971.6526058293,44798213.46026624
1730937600000,0.3032728976703841,2375402.682803068,48991834.57957947
1731024000000,0.3044552382934728,1372239.9665089175,49180403.535570204
1731110400000,0.3023468087718821,1308495.5142014667,48935643.33782138
1731196800000,0.29539143110510313,1449123.8011458882,47685554.62634558
1731283200000,0.3227257030923,2759192.9155853353,52326830.473793425
1731369600000,0.3067447065122354,1306432.2093315993,49684723.61332046
1731456000000,0.2776323275675266,2554841.0668189176,44849818.815564506
1731542400000,0.26332850067706076,2539711.721813565,42482856.77173534
1731628800000,0.24603861995988877,1775804.2486155243,39643809.683212094
1731715200000,0.262096881108717,1140567.681463299,42308708.01708402
1731801600000,0.2788471932560403,1425892.9530375185,45035371.06271177
1731888000000,0.28324073762642943,1194790.4247683375,45776553.72076035
1731974400000,0.2888966487340474,1317710.1002399088,46677312.39285829
1732060800000,0.3062501923312479,3999669.097807794,49488825.23387086
1732147200000,0.2935824261933151,1181830.061744728,47435941.63927998
1732233600000,0.3313333080579877,1403854.6714341927,53565084.02806675
1732320000000,0.4366635918682476,12175348.290074717,70614166.21780077
1732406400000,0.3966821742204883,3481862.741718675,64120760.1400518
1732492800000,0.3953971425481963,1445602.6401602952,63921450.64368705
1732579200000,0.37221056894885246,1178870.765311076,60089491.13628118
1732665600000,0.3812395659022138,1303687.4705474372,61651247.07751504
1732752000000,0.4389751068718845,2339294.735152911,70789712.33777282
1732838400000,0.42387922605331846,2573891.1660171147,68519809.69367103
1732924800000,0.4384609598586599,1230542.321469697,70863360.66892415
1733011200000,0.47036458580772494,1234171.8400467136,76000825.70389342
1733097600000,0.47607593271620474,2439235.888881112,76955380.60742213
1733184000000,0.4489534320786156,1424959.658691574,72551192.845118
1733270400000,0.4674385985309194,2024232.7408195327,75581734.8294744
1733356800000,0.48668544856271234,2564056.957478073,78668831.26635736
1733443200000,0.7355534769218242,21392502.243273478,118966686.6943536
1733529600000,0.7738758794250076,11073224.48741787,125220799.78163014
1733616000000,0.7044118507407007,2800321.8586564786,113912506.65725607
1733702400000,0.8253498668296,5312017.924994841,133769137.94267684
1733788800000,0.733166763112633,8177127.626727484,118437944.92208396
1733875200000,0.7971219961081243,4355645.244292464,129352613.34533603
1733961600000,0.8697175327931204,6033039.304984274,140613816.2287151
1734048000000,0.8445882621748452,3858418.8125715065,136772129.13852093
1734134400000,0.9199939535250641,10792196.731973097,148804388.31836382
1734220800000,0.8699531874053842,1876423.9176360571,140703872.06660634
1734307200000,1.0024604316527426,7138270.7651866,162179573.1198933
1734393600000,1.274105112528121,13623137.105447803,207613752.8470986
1734480000000,1.1354823203485136,8673936.40392143,185614791.95855674
1734566400000,0.9384423998670727,7521597.203407692,151297679.71861023
1734652800000,0.8482899160795352,7786198.2895218115,136924483.30812737
1734739200000,0.7662747636654099,7101700.117500762,123807594.18167493
1734825600000,0.5850077349929373,12737077.951953014,94233449.96695274
1734912000000,0.5688308584303737,2856545.323712458,91945627.46067414
1734998400000,0.721955946138885,2653220.7245327905,116874328.93784454
1735084800000,0.7977181814236978,7589262.503851311,128274459.28306185
1735171200000,0.7935089795253952,2254949.0323635335,128306874.53231835
1735257600000,0.72278732141307,1983599.2967799846,116781463.07323673
1735344000000,0.686292459487053,1162740.4392255268,111042196.40569825
1735430400000,0.7206414619396047,1198862.8522492792,116417589.08684206
1735516800000,0.6543566071906003,1139528.7006808182,105731465.25118181
1735603200000,0.6943331242616898,2288059.777089096,112271961.24752244
1735689600000,0.645817685611942,1416834.5067168684,104609038.89607581
1735776000000,0.6266741082997679,3146439.609211858,101287228.00796926
1735862400000,0.6369020697215682,3290668.367315802,103262601.88941291
1735948800000,0.6093553278782079,1938320.949397147,101184923.0684479
1736035200000,0.6413065187876565,1854687.8240883045,103882924.02776228
1736121600000,0.6074429968510223,2375832.927737863,98234428.18574391
1736208000000,0.5780332531967219,3097922.704411771,93471018.11898358
1736294400000,0.5295895308622195,2877526.2524230173,85661828.62439115
1736380800000,0.5128571771342104,2207644.778592076,82916009.78376795
1736467200000,0.45460232879369694,2896802.392679944,73745815.55151516
1736553600000,0.4599782151994138,1489430.314839843,74400553.070986
1736640000000,0.49970458473669666,1351880.9747055543,80718490.89455265
1736726400000,0.4994095762458593,1489800.5749277375,80736509.46051215
1736812800000,0.47656824662173064,1205018.2376374484,77061257.98365986
1736899200000,0.47599998088185824,658416.1905083461,76984830.14182222
1736985600000,0.5021848688135884,1831675.6943869675,81112285.25757289
1737072000000,0.47008011288432744,1120871.8119776356,75989803.10246067
1737158400000,0.4900854232621134,2057148.199608145,78961359.49611777
1737244800000,0.3839134787404523,5771909.927437768,62096062.37797317
1737331200000,0.33952549982290914,6118229.5620928835,54768686.76566162
1737417600000,0.3558616669835106,3215239.167491291,57562375.21685502
1737504000000,0.3563588566476274,2051877.1943576282,57563924.8265296
1737590400000,0.4236187286556797,6661148.514776127,67603652.56219837
1737676800000,0.3836806801829152,2224407.2381589003,62048950.37787341
1737763200000,0.3518366907008008,1771624.3558517338,56876659.322072454
1737849600000,0.3436293238951714,1191764.2708156095,55571320.322316445
1737936000000,0.32163807681958057,2150975.4431657423,52001779.70738582
1738022400000,0.2954084998358396,2527550.872584365,47765141.87671681
1738108800000,0.263357898612313,2204879.165258673,42547819.41565266
1738195200000,0.3524025630262747,4776951.022377803,56945015.97392866
1738281600000,0.34572541979403687,5251954.601020255,55843623.003481135
1738368000000,0.3177314053878518,1378662.7347695306,51384124.47707509
1738454400000,0.27933597824413137,1061655.5986886874,45131220.29590731
1738540800000,0.2675472412724212,1492006.6364328302,43126534.560742326
1738627200000,0.3165652202949085,3568730.1249663783,51202949.794148654
1738713600000,0.2751991527913142,1472505.0716242548,44538437.57300457
1738800000000,0.288408599118976,1556398.5504381857,46622611.11618253
1738886400000,0.2723391688804646,1171441.8730149472,43990415.13016356
1738972800000,0.289532291577033,724918.4566317784,46510309.31271937
1739059200000,0.27801390333279163,632274.0146053027,44967664.75831765
1739145600000,0.28124600177347725,620452.1507786344,45392146.37584757
1739232000000,0.29699107620024995,1722515.7946880532,48033073.476695694
1739318400000,0.3019142391845273,1166773.8093516019,48839514.082219794
1739404800000,0.2901801727582415,757905.8099959475,46716167.34727773
1739491200000,0.2864687873950378,646152.8246575868,46310097.456288666
1739577600000,0.2824219559473919,586360.0558071637,45670726.09218086
1739664000000,0.27585717920300223,566443.6834690713,44613615.424204394
1739750400000,0.2676686870520372,425895.3755024286,43288996.60402231
1739836800000,0.3202853499687061,2546885.9200972514,51180510.34306289
1739923200000,0.26257835858506917,2737672.9342745403,42524656.62085385
1740009600000,0.25746972588532674,502592.7805024125,41674261.783161685
1740096000000,0.2510441311872407,691073.6464075386,40580929.09595143
1740182400000,0.24994707444319686,709134.9122763942,40422764.96417657
1740268800000,0.24634825671129917,639586.314078739,39741392.49885648
1740355200000,0.2442689177608709,564434.030136016,39595118.86028596
1740441600000,0.21671512206176502,807620.5763338386,35116088.633197375
1740528000000,0.2248561326666557,1003534.9900932825,36225508.98187345
1740614400000,0.2155225874186739,531962.668768283,34812755.45423297
1740700800000,0.2128583138882661,662943.4845036636,34423826.206086606
1740787200000,0.18736964208873194,2203058.226568335,30202626.839582544
1740873600000,0.2087397115968185,2007629.2400717665,33858442.55765811
1740960000000,0.20669561071355322,3065493.9638983575,33513451.034028493
1741046400000,0.1844497176439964,1087052.3000132504,29950016.12268857
1741132800000,0.18810694563845753,764633.6408015813,30405610.104276557
1741219200000,0.19441053846185663,779319.0715909065,31488248.701071102
1741305600000,0.1940421809927164,877637.4219959803,31343634.399665628
1741392000000,0.1988963573440617,617406.7843419467,32198904.5133976
1741478400000,0.19378903400212333,263349.8229529556,31333038.242109243
1741564800000,0.16675742349413583,761560.87948994,26975728.22206243
1741651200000,0.13487870421790452,1328012.6761255548,21807976.17513144
1741737600000,0.15718145067114903,956213.8023507703,25422564.71458523
1741824000000,0.14699096495568184,564151.9479718362,23768928.869561285
1741910400000,0.1382569914620037,377036.33334243746,22359182.43724588
1741996800000,0.1466267476420127,455468.62587058597,23721628.089930683
1742083200000,0.15862544324732708,877138.5268116329,25659731.12268738
1742169600000,0.1668973327346779,1765610.3072809507,26981041.963356555
1742256000000,0.15751516857268485,1020698.139170995,25412728.376460996
1742342400000,0.13614093754132098,1020304.0722683701,22015392.39511727
1742428800000,0.13968164920770096,966038.414546849,22583224.519040965
1742515200000,0.11961573339884425,932258.0551786327,19225795.375105668
1742601600000,0.13631271599947062,1787821.1196567304,22042081.456834305
1742688000000,0.1335136604702713,1673773.8846001853,21592299.50029185
1742774400000,0.13542038029723255,433148.55742443906,21875617.92713332
1742860800000,0.135248119739144,447819.5391869701,21944037.776512295
1742947200000,0.13233335510087857,448542.97379189887,21329167.133873478
1743033600000,0.12911782896630813,393314.45455054607,20880806.058332983
1743120000000,0.12515909800165997,223620.12122034346,20320597.012468092
1743206400000,0.1196605237691502,409627.8972327923,19341547.935388267
1743292800000,0.11634949646190156,499317.77300770103,18793956.045061152
1743379200000,0.11786951194201005,912679.4707336016,19043314.70275627
1743465600000,0.12930231943209858,775831.9420065306,20905345.906820133
1743552000000,0.12582343335237503,375058.4940592058,20344383.016350523
1743638400000,0.10800564217768577,532824.4315337604,17453122.162174597
1743724800000,0.11651380389493908,801190.1264462481,18790676.751428943
1743811200000,0.12198511388699643,558852.8254823213,19727663.586381067
1743897600000,0.12489281326379996,726479.1547811782,20183303.58593992
1743984000000,0.09825382402516347,1030930.2987677213,15883056.18113887
1744070400000,0.10182206202389155,759590.1843167668,16386092.269437496
1744156800000,0.09917378372669837,305492.1555171063,16051367.117393332
1744243200000,0.10985344788431732,309271.21203061444,17771652.90724081
1744329600000,0.10813816749876444,300545.4992682475,17488913.306223374
1744416000000,0.10989840955226175,124856.49118565372,17772978.87620744
1744502400000,0.12037801361407179,452975.35125059495,19462928.262034
1744588800000,0.11247818140160282,272720.3383629464,18126274.615794726
1744675200000,0.11145239053690467,221550.2945497448,17991161.52783886
1744761600000,0.10804998525625933,197275.69056373165,17479571.666812874
1744848000000,0.10540086061139545,256611.2267936365,17026623.21908124
1744934400000,0.1078132039462801,207975.97988527617,17455563.011028126
1745020800000,0.10520060399621707,237587.9936935244,17014235.496431
1745107200000,0.11313434485860355,390801.65081698605,18296125.686544657
1745193600000,0.11342947568874248,641666.722293856,18340759.317432433
1745280000000,0.11489552369118962,433804.03252852336,18580887.394637726
1745366400000,0.12245592698516787,545482.3219137145,19801504.1092273
1745452800000,0.1156317566563671,752312.6442365915,18775984.270742048
1745539200000,0.11418631260591477,396696.18090271886,18541801.541231498
1745625600000,0.12876494827238544,833333.7812369185,20816361.142850656
1745712000000,0.1454938336450468,4992977.619993394,23529837.070931673
1745798400000,0.12898954598946158,700559.7437521234,20860433.601068363
1745884800000,0.13619283377912317,715512.4138573395,22026077.049438592
1745971200000,0.13113282228092377,243638.3633530574,21208070.614843253
1746057600000,0.13079077753165877,249047.24737891176,21142107.748677794
1746144000000,0.1511928963159194,803467.7519301564,24066506.54952334
1746230400000,0.1406582358491586,982033.3843101611,22748208.520128384
1746316800000,0.1343544182065165,318700.5729188286,21729269.017892513
1746403200000,0.13282530548127955,179916.9024469266,21466506.472869102
1746489600000,0.12982366706177448,340479.48590139794,20995329.24744878
1746576000000,0.12535249620403252,310003.14369101747,20274228.741550893
1746662400000,0.13026176207600734,904041.0269167285,21066665.40445784
1746748800000,0.14258486688330307,947767.9547232202,23059126.79655462
1746835200000,0.1316213739281255,710935.5498791558,21286057.805682164
1746921600000,0.1441811460133428,724444.46159833,23322591.06513967
1747008000000,0.14231660183926267,466398.7405516324,23015710.31398775
1747094400000,0.1400495429355609,626183.1543265515,22657672.61120711
1747180800000,0.13807622615716492,727424.5909097521,22330852.979811035
1747267200000,0.1458986557044836,1711501.11420557,23594997.23152956
1747353600000,0.13889307889853114,887058.8273758437,22462222.57664025
1747440000000,0.13241874459136352,385889.3193210358,21413712.92919914
1747526400000,0.12509043203053533,433794.3719517292,20235515.10427746
1747612800000,0.12655831382176308,291690.2682986335,20439742.646686796
1747699200000,0.12397446182801546,347345.19898397545,20050495.789065767
1747785600000,0.12414986321009315,405746.9412405358,20077750.94414627
1747872000000,0.1242347711216049,343243.31604136515,20091026.556734957
1747958400000,0.1250841835346728,369506.57349002763,20228850.997631595
1748044800000,0.12161423945729184,489390.0516372985,19667690.57457159
1748131200000,0.12214015717473214,282975.428347239,19753667.53072423
1748217600000,0.1209327047532125,230416.08240074615,19554491.382039703
1748304000000,0.11687857783452672,366119.5016822977,18903247.296945382
1748390400000,0.11674618162371023,350805.3284320083,18873549.08197377
1748476800000,0.11134403713184338,443011.81804899446,18008995.35040516
1748563200000,0.11186621153818138,333579.38988189975,18091607.337017134
1748649600000,0.10763073163467961,328122.72804400226,17465095.79050086
1748736000000,0.12363487595931999,1180537.4985169687,20034876.167266607
1748822400000,0.11238839242265534,746685.0784515681,18180873.357139837
1748908800000,0.11131544602466262,1127086.2089423756,18021177.460189205
1748995200000,0.10965723569928398,407983.27038108924,17733975.78406142
1749081600000,0.1068666712443292,305733.05465122056,17302597.504302297
1749168000000,0.10160930157124522,429313.8338483307,16433139.073478296
1749254400000,0.10292195637939555,288936.75085870613,16644745.284930462
1749340800000,0.09932343037510889,408920.49429102225,16062775.269037163
1749427200000,0.09719515306407833,340542.2997015673,15718833.61618884
1749513600000,0.10127109257706149,661439.8437389695,16376696.338004244
1749600000000,0.10484274239182755,499384.0971276898,16955366.810540535
1749686400000,0.09767222696094706,494263.43015543633,15789310.099516908
1749772800000,0.09476874699488486,309513.9656814896,15325303.49479326
1749859200000,0.08637312907999208,716261.9956819192,13968425.975087695
1749945600000,0.08495704020206772,275877.90842106275,13741733.820013946
1750032000000,0.08978433707776967,284200.0619802685,14518661.425816126
1750118400000,0.0911972018610433,921923.4215845909,14737912.116113449
1750204800000,0.08411453084510585,409719.96632093174,13603164.366655245
1750291200000,0.08439396780067938,216682.33837793735,13645424.289372057
1750377600000,0.08370084578910832,327477.4268410513,13539452.242428813
1750464000000,0.08371385176482034,238118.5853878747,13537933.347942198
1750550400000,0.07807035319441025,305104.60639399086,12646452.049069744
1750636800000,0.07475606830406444,284313.91287839634,12091485.357597733
1750723200000,0.08589645331471978,459829.1389518664,13892228.16857416
1750809600000,0.08958032462352529,241641.63462240557,14487099.710943496
1750896000000,0.08198516303885538,272288.3619035408,13288026.229920274
1750982400000,0.08184152085970686,213693.46609726927,13235534.602654867
1751068800000,0.08633014834624096,188674.53267528993,13961475.049445052
1751155200000,0.08967886977389618,171874.06331718966,14501848.323641418
1751241600000,0.08774011579448311,260351.67530924705,14188324.458872953
1751328000000,0.08668281827880345,131617.08128527552,14019441.983782452
1751414400000,0.08200658451870564,134218.84367142123,13262698.541872397
1751500800000,0.08571078131138903,173284.35199629125,13861309.839849295
1751587200000,0.08329149199784647,162389.7343362667,13516945.559509952
1751673600000,0.08293525038281119,107011.92228658013,13412445.7228448
1751760000000,0.08344745085396196,121541.8220514758,13494698.781407353
1751846400000,0.08505513250355494,180030.02131657125,13754527.057939706
1751932800000,0.08037695198465526,176406.5304826782,12998712.300480517
1752019200000,0.08098454594911095,161934.50137430328,13100000.408034118
1752105600000,0.08299245670413437,145329.20355092984,13379928.686794722
1752192000000,0.09031140098877467,255893.96248497255,14599902.405893939
1752278400000,0.09055105682744147,362729.28660803125,14643728.057458296
1752364800000,0.09218630322076067,138398.60853599673,14953527.029290836
1752451200000,0.09046782807695503,188438.2242053908,14631665.38860786
1752537600000,0.11352012518395488,2840497.930842545,18362080.66592277
1752624000000,0.1516952820714032,7003286.042546854,24483807.97856114
1752710400000,0.14382758349158692,2276667.465804476,21425108.037822213
1752796800000,0.13379750173369934,2022293.033203344,21732944.500962116
1752883200000,0.11416260225033176,977759.3957082798,18462592.193230342
1752942565000,0.11863606369477579,453474.1343181493,19186048.84814965
