timestamp,price,volume,market_cap
1711324800000,0.016352788091067393,44814759.215377025,0.0
1711411200000,0.016352788091067393,44814759.215377025,0.0
1711497600000,0.016956772838587496,21140338.043936566,0.0
1711584000000,0.01570686389249516,7365962.312630676,0.0
1711670400000,0.06907774856084278,28921118.997694887,0.0
1711756800000,0.14163431918040573,35126764.440094374,0.0
1711843200000,0.10378851582053794,30411050.725913163,0.0
1711929600000,0.1674260998832177,22818746.15966143,0.0
1712016000000,0.11859109870969489,21407455.637702283,0.0
1712102400000,0.06817223525900754,27008489.156005893,0.0
1712188800000,0.0562422283492083,20142491.05480972,0.0
1712275200000,0.06481464418192767,13757285.960795904,0.0
1712361600000,0.03262982965799341,8510621.08268591,0.0
1712448000000,0.04284454866408445,6596727.975773527,0.0
1712534400000,0.03849057824586329,5339370.916628105,0.0
1712620800000,0.03983686602187293,4263192.06067515,0.0
1712707200000,0.04109482347684628,5640563.243851095,0.0
1712793600000,0.06189070848403101,7361236.838004202,0.0
1712880000000,0.055221641853989874,9684741.203883223,0.0
1712966400000,0.03937210926733618,6659235.210597989,0.0
1713052800000,0.03650533035193532,7587302.3534622975,0.0
1713139200000,0.04698074974434555,5942588.862564062,0.0
1713225600000,0.04135097605425775,5763973.532373691,0.0
1713312000000,0.044575510642479124,1954885.6890472153,0.0
1713398400000,0.03859766205070891,4347306.675103857,0.0
1713484800000,0.04419572882949776,5561081.245156042,0.0
1713571200000,0.0396367483462648,5236880.090987447,0.0
1713657600000,0.05355384876535652,8323075.02428013,0.0
1713744000000,0.04771286030208685,4493307.68784982,0.0
1713830400000,0.05692221701000319,10646002.872951362,0.0
1713916800000,0.06739807261062085,2186388.876970123,0.0
1714003200000,0.07362978006818727,21015377.831798874,0.0
1714089600000,0.061622705663926074,14355938.724715073,0.0
1714176000000,0.05444192105814191,10159505.458758816,0.0
1714262400000,0.05823669229147628,7892487.987734546,0.0
1714348800000,0.05760373650753268,6898935.485427971,0.0
1714435200000,0.05600103164152216,10547613.386143837,0.0
1714521600000,0.04794777081064945,7292293.36859542,0.0
1714608000000,0.04980972651046466,6340252.963775899,0.0
1714694400000,0.055860736193107455,6461590.480498488,0.0
1714780800000,0.05527542305832179,6606075.929403022,0.0
1714867200000,0.05055271679855622,4342804.916368631,0.0
1714953600000,0.052846192733988794,5580484.944068738,0.0
1715040000000,0.06509309936305704,15200944.966094023,0.0
1715126400000,0.05544324723340735,10615786.726179337,0.0
1715212800000,0.04829180868811345,6731065.403749157,0.0
1715299200000,0.04910832518352003,4980365.822503176,0.0
1715385600000,0.04067089775602723,5844078.266142746,0.0
1715472000000,0.038863133224760836,4628452.965293169,0.0
1715558400000,0.03874343759425284,2800966.9787668707,0.0
1715644800000,0.03015644708541105,7601704.385275253,0.0
1715731200000,0.028531448818440032,4776774.7549389005,0.0
1715817600000,0.032160569000238996,5509803.431924721,0.0
1715904000000,0.02921021858289947,3990938.1494690874,0.0
1715990400000,0.032699318748174014,3898628.715794877,0.0
1716076800000,0.03561951197589756,7501202.088871578,0.0
1716163200000,0.03335381177787403,3406460.586653543,0.0
1716249600000,0.036058481849268416,5291728.184115873,0.0
1716336000000,0.03146557446113211,4076025.3304906897,0.0
1716422400000,0.029261818198092055,3144750.6294353977,0.0
1716508800000,0.03207922017061812,4726977.066399725,0.0
1716595200000,0.030489864598734706,4814195.236545482,0.0
1716681600000,0.03402002440679776,3783824.759322095,0.0
1716768000000,0.03065037104433384,3331688.549844091,0.0
1716854400000,0.03430802528568228,6350436.233180453,0.0
1716940800000,0.048725591255862295,9035738.760656716,0.0
1717027200000,0.039388816306332494,7889965.550315627,0.0
1717113600000,0.03755415380566053,5862222.4696205,0.0
1717200000000,0.04265261538085473,4572519.9511558805,0.0
1717286400000,0.05102280156694036,6390758.431040514,0.0
1717372800000,0.04692387134246943,3901692.7775143264,0.0
1717459200000,0.04144103356907067,4040155.8156979876,0.0
1717545600000,0.04837994352134559,2464578.7860672465,0.0
1717632000000,0.0520437429452888,5367534.862328125,0.0
1717718400000,0.05362689086529075,7207521.5839457065,0.0
1717804800000,0.04109091848334229,5444096.777387216,0.0
1717891200000,0.04224230343563856,4242885.588478618,0.0
1717977600000,0.05144278090239563,4145067.337812625,0.0
1718064000000,0.044156133192428074,3510440.452635148,0.0
1718150400000,0.04061215520564534,3339272.583290499,0.0
1718236800000,0.03800665429504636,3254962.4831955945,0.0
1718323200000,0.036078442686036105,3591899.0060939784,0.0
1718409600000,0.035458331878585714,2882475.607403552,0.0
1718496000000,0.03444669142626037,2152908.4541721577,0.0
1718582400000,0.03812528440452163,2306304.0576255135,0.0
1718668800000,0.028469289745862034,3409670.135480943,0.0
1718755200000,0.028961620833157647,3441810.690552112,0.0
1718841600000,0.026984113951684277,2276854.6735908804,0.0
1718928000000,0.023923833369602295,2459266.6754344064,0.0
1719014400000,0.02418817253985106,2620437.57947869,0.0
1719100800000,0.02669359806282176,973653.3873669247,0.0
1719187200000,0.02125144083696398,1935809.4658810878,0.0
1719273600000,0.023214593030182456,1501446.8028006463,0.0
1719360000000,0.027139910517174168,2829345.389234036,0.0
1719446400000,0.023703052460897482,2530672.550452279,0.0
1719532800000,0.02807041457128968,3273974.7945328644,0.0
1719619200000,0.025812988030361982,2186034.277053841,0.0
1719705600000,0.027566789739641197,1956729.5262697737,0.0
1719792000000,0.03094921217708235,1692321.1765719943,0.0
1719878400000,0.028855360019326644,2648440.5829519876,0.0
1719964800000,0.03056336756558964,3784980.736044604,0.0
1720051200000,0.02456108626789522,2981168.6682098582,0.0
1720137600000,0.02298602618976396,2184799.3963960586,0.0
1720224000000,0.02042752745274829,2407454.664104272,0.0
1720310400000,0.021528770419512625,1784311.3310931334,0.0
1720396800000,0.01692963351508514,1730827.7049507813,0.0
1720483200000,0.017225887953453572,2879617.479842551,0.0
1720569600000,0.019408541226272464,2130930.361453784,0.0
1720656000000,0.01803288179368815,1732664.7143576827,0.0
1720742400000,0.014180796536672372,2071954.3749615462,0.0
1720828800000,0.015487649064727079,1493075.841658707,0.0
1720915200000,0.014022283344188848,1144780.590520581,0.0
1721001600000,0.013804640784066777,2313607.1351363473,0.0
1721088000000,0.01765789652545494,2649618.5331128463,0.0
1721174400000,0.020424659347296512,3610936.948871792,0.0
1721260800000,0.024975139438688197,5496067.109703196,0.0
1721347200000,0.023097137390517983,2611171.0637164577,0.0
1721433600000,0.02622137706364105,3844256.516287317,0.0
1721520000000,0.03256704398138868,4086978.813998869,0.0
1721606400000,0.031261983854349605,3986681.4485216746,0.0
1721692800000,0.024133386483319447,3869935.877797177,0.0
1721779200000,0.02233384834477442,3286014.943635291,0.0
1721865600000,0.027442683356642152,5652348.815487975,0.0
1721952000000,0.031849412856265046,3688759.4953563213,0.0
1722038400000,0.03626032692900247,6238986.7532194825,0.0
1722124800000,0.0335022289366216,6144771.6384940585,0.0
1722211200000,0.030103251062282378,3624143.9899958195,0.0
1722297600000,0.026953367391617303,1074101.7817843342,0.0
1722384000000,0.02519960626395175,2209545.6413724083,0.0
1722470400000,0.020319645375502956,1997115.1380112788,0.0
1722556800000,0.023295528654162394,2974061.069536119,0.0
1722643200000,0.01777929080083395,1792574.5496160828,0.0
1722729600000,0.017086369260904885,1618212.6525810477,0.0
1722816000000,0.014314237783268796,1756363.4968843812,0.0
1722902400000,0.013612085362387305,3590477.6387098473,0.0
1722988800000,0.014618532431709179,1717487.2529711258,14720754.75724518
1723075200000,0.0144851679430663,1612724.71366552,14495040.319905035
1723161600000,0.015994431311777156,1979293.7354042719,16060468.92708084
1723248000000,0.013746453456251837,1785197.8334167239,13722243.821677253
1723334400000,0.01211374733740768,1594405.2579277763,12101341.616035769
1723420800000,0.010696402815010466,1217705.398669211,10698052.853582041
1723507200000,0.011605750915534415,1292846.30946773,11613313.691049352
1723593600000,0.011891940994534955,1048500.9412694662,11870165.900972728
1723680000000,0.011237306435217352,1228142.9320082124,11296367.30419327
1723766400000,0.010276685638360438,1054086.434594678,10276430.014077364
1723852800000,0.008416622439594873,1592330.4397110096,8378163.251695156
1723939200000,0.008928793165758137,1524431.988274094,8928571.069215335
1724025600000,0.008706911152990186,1345469.2776851559,8698945.032769127
1724112000000,0.00896308222492912,1297742.7257136903,9008533.923048556
1724198400000,0.008396109141610798,1389360.541906557,8353005.682167777
1724284800000,0.008217052324476294,1390633.097959805,8208762.665572277
1724371200000,0.008994359710713972,1643950.062690858,8944375.356896617
1724457600000,0.011684686289536861,2420005.9626571415,11553695.416642053
1724544000000,0.011531788950854131,2237753.0616665743,11478388.769230755
1724630400000,0.011653616400094559,1863055.8282154992,11654483.376945509
1724716800000,0.009409379268255904,1697443.2041058068,9395363.639806263
1724803200000,0.008850713667815122,1895172.8074039936,8863716.300268346
1724889600000,0.008632892841367151,1448336.702950862,8673224.333906926
1724976000000,0.008852694355442827,1384347.2577762306,8860227.852677958
1725062400000,0.00881083815787793,1580984.7689507627,8823627.266247666
1725148800000,0.008624983720486729,1389551.3033196381,8624753.445669852
1725235200000,0.007723648875124208,1624928.0810173135,7721878.13674531
1725321600000,0.0076641579989322655,1713049.6701068662,7668680.798755493
1725408000000,0.006635423777887119,1505014.5684876773,6609394.568170746
1725494400000,0.006942613220948901,1344641.218840151,6943095.798493115
1725580800000,0.005883515087373645,1608916.526588975,5913664.3720718855
1725667200000,0.008318777562182737,2326150.218330748,8322733.078863461
1725753600000,0.010836691897474444,3240984.3853391106,10809216.02510751
1725840000000,0.009819529051653444,2182420.811300682,9790776.559018282
1725926400000,0.01177179420393673,2350785.4987333696,11766442.063100629
1726012800000,0.010478969149558407,1788540.428719905,10482286.243201626
1726099200000,0.010931703787275886,2010168.6469693228,10905527.60035592
1726185600000,0.011913038057822104,1839702.5560816908,11982787.484811887
1726272000000,0.009582390277326993,2035422.6535786001,9596431.090886287
1726358400000,0.008718554767507712,1161376.86637678,8718274.153823458
1726444800000,0.008456656205820937,1175619.5032905473,8279024.227094878
1726531200000,0.008886595891121757,886509.3411079604,8889675.033113144
1726617600000,0.009333987881914623,902913.0656265898,9333737.068437088
1726704000000,0.010371738628888261,1564960.03739142,10371459.904610807
1726790400000,0.010948674134814705,2584964.402733155,10898247.035663519
1726876800000,0.011903476575714594,2383467.3977497853,11912750.236000884
1726963200000,0.01150336476714125,1800620.4082214867,11495801.122780794
1727049600000,0.011168048439715654,1260008.1944840758,11169258.229012297
1727136000000,0.012708671699019953,1919604.0520944633,12711823.707371766
1727222400000,0.015471178991763134,3167118.422243091,15470323.018892292
1727308800000,0.015227539046119941,2725419.251063411,15177181.393325528
1727395200000,0.014159850048723435,2797216.874198105,14077201.390586441
1727481600000,0.012662586375873345,2712698.9820360853,12658158.182840433
1727568000000,0.01229512453626378,2339761.7243673946,12294791.559817463
1727654400000,0.010334363243359972,1873284.184496364,10334083.368059183
1727740800000,0.012125921099464369,3106087.240877116,12035553.151678473
1727827200000,0.016656422408734082,6544458.358229251,16492628.161289763
1727913600000,0.017472965865875555,3906562.856216429,17470976.966940172
1728000000000,0.015890867311288262,2413499.2937664352,15996403.86795254
1728086400000,0.016571784762238383,3237067.8147157924,16735577.213152973
1728172800000,0.016257048534756638,2258718.3399202325,16272175.833837263
1728259200000,0.02179179769227808,2847576.9408637937,21872446.603528388
1728345600000,0.021740873176392537,5670368.541655123,21740284.295959525
1728432000000,0.02125195027705964,3034769.137239298,21247740.167528927
1728518400000,0.028609985692908714,14656529.208149433,28485644.488070864
1728604800000,0.0318617782559184,4614370.668809943,31818159.574661717
1728691200000,0.03198476090307919,4718841.201137477,31986828.889817175
1728777600000,0.030949522872259806,2948310.251926924,30937793.419922687
1728864000000,0.02819544929423289,3036605.32302696,28202851.917001754
1728950400000,0.03145551723257121,3668575.6383874887,31480110.040326636
1729036800000,0.025079070022274764,3011800.252925124,25027461.14883842
1729123200000,0.02403809066006717,3797650.9290843406,24037430.078981556
1729209600000,0.02331062165279379,3519026.3268009135,23309980.98630574
1729296000000,0.024690085473572813,3374793.3280752064,24547432.32967268
1729382400000,0.02118177493137793,4094473.812351469,21179235.06176439
1729468800000,0.02518913656998478,3292475.7480644975,25194465.409511153
1729555200000,0.0207810983445388,4134317.5495762476,20809292.557171594
1729641600000,0.020571625803306622,2856840.355727734,20571057.2610538
1729728000000,0.018896053764216377,2504965.592793146,18895529.762105156
1729814400000,0.017525895467912295,2392571.885831529,17586860.68587494
1729900800000,0.01807102485514253,3397731.5843461487,18017637.80850996
1729987200000,0.018006989514397585,1918484.6758632069,18006302.795984555
1730073600000,0.022808587253228863,2008026.397611457,22883712.197145276
1730160000000,0.020904266908869606,3152324.851989614,20894323.616183296
1730246400000,0.023396089253738612,3104713.011090874,23455179.580389377
1730332800000,0.02079896188476902,2769130.6082891584,20825127.085567527
1730419200000,0.018396914211488643,2024463.6181135871,18400973.736749765
1730505600000,0.017820358931095646,1883677.5984003723,17910760.74962851
1730592000000,0.01644503955476599,1280715.0068884755,16503584.700575208
1730678400000,0.01571315849486929,2218136.688846722,15697315.760039445
1730764800000,0.015208362425845928,1731804.193328904,15292869.494485645
1730851200000,0.016529812252583154,1817425.0025163929,16383258.750104621
1730937600000,0.02024217573633097,4186739.8128951387,20327994.491500925
1731024000000,0.021090005454758393,4202888.045682226,21089401.71553131
1731110400000,0.022099309823224597,2325258.18427754,22100549.573233757
1731196800000,0.019966002811104725,2496046.2271303954,19960269.878153995
1731283200000,0.020971081034584883,3941395.656967673,20978339.040606726
1731369600000,0.030320215023394943,8840592.450378934,30364039.120128084
1731456000000,0.03192617862212145,5754506.786660885,31983347.71598864
1731542400000,0.046456717867353156,13071105.739944404,46527115.440280184
1731628800000,0.04023083752162583,10565190.06909485,40237775.67202687
1731715200000,0.042803559480743894,6502242.7273757,42792688.26408774
1731801600000,0.03513464379070577,4685893.002114249,35063425.24424049
1731888000000,0.030157584204602766,5008574.652417406,30144316.650156647
1731974400000,0.02909211684697228,6524261.388378169,29158489.524591498
1732060800000,0.024358997658095766,5905669.031852804,24357186.025110807
1732147200000,0.022254128735676275,4911844.133399319,22369054.94575958
1732233600000,0.027162976786028737,3739214.627709361,27111935.23885743
1732320000000,0.02367536062081547,2975795.6135456446,23568895.483721558
1732406400000,0.02344329723026632,2963613.183458012,23240641.53102994
1732492800000,0.021909274317892233,2454157.71225571,22205247.91027808
1732579200000,0.019386142843495987,2646724.9559961455,19400036.04888914
1732665600000,0.017934616406070997,4637780.467861482,17941331.407886557
1732752000000,0.019437296330109488,3717962.653444934,19414156.434129473
1732838400000,0.027798025204738938,10841248.105499232,27797962.125783827
1732924800000,0.024487647506889223,3167014.48696816,24486820.03121514
1733011200000,0.022757762869229717,1884750.5491055977,22754038.172739185
1733097600000,0.021930101436584047,2642062.8218751685,22030388.113920316
1733184000000,0.019625305437512237,3086348.91126676,19607715.705780797
1733270400000,0.022081557036971785,3130462.122613912,22237760.626932237
1733356800000,0.022205007525615744,2100295.8211169317,22111672.265991222
1733443200000,0.021319013367729702,2969595.100143039,21338635.367237423
1733529600000,0.020526224422503712,2540367.2497169,20588264.71781875
1733616000000,0.022073354024764333,3300459.7161076423,22070432.042293876
1733702400000,0.02304013430404225,2800328.947115708,23036219.84312531
1733788800000,0.0201741610012767,2721350.1529036495,20180053.210350584
1733875200000,0.0183479096942087,2925245.27115181,18352964.008299664
1733961600000,0.01819278834453681,3048129.4754940523,18190479.416915726
1734048000000,0.017357587553074306,2348061.322830364,17335549.852139387
1734134400000,0.01601785024315397,2338976.868475556,16011593.55377361
1734220800000,0.014872558871376108,2795528.1796925673,14860313.846055238
1734307200000,0.015812790418707794,1815947.245184818,15812297.676005341
1734393600000,0.013702438706431046,1708036.4012258858,13726252.134200389
1734480000000,0.015469485452314198,2328704.2858684445,15468993.26659132
1734566400000,0.013259564227748988,1791895.1464286428,13288885.339652449
1734652800000,0.012045774990088387,1932229.2648346028,12043009.044603502
1734739200000,0.013169003345462792,1762376.8150738962,13165715.558455238
1734825600000,0.011367349533804999,1043593.7037938335,11366190.704330694
1734912000000,0.011191809948512677,1966281.6454965167,11198301.581645135
1734998400000,0.013237006996269058,2006613.471484833,13228627.213767659
1735084800000,0.01468211731637272,2136992.2773116184,14623810.455777423
1735171200000,0.013906962738081926,1599398.3007315672,13873502.122571021
1735257600000,0.012467921613558112,1368262.7203626696,12482635.338637074
1735344000000,0.01163966076350058,1264089.810926264,11640282.376270998
1735430400000,0.012442210226647396,1590503.524206074,12429424.150160205
1735516800000,0.01085932184672641,1702874.2764362383,10838703.414737767
1735603200000,0.01124606791735314,2372916.6835510763,11240652.882755108
1735689600000,0.010224125341842388,1787063.7714584805,10217354.665137336
1735776000000,0.010292708641724605,1936173.0777891052,10286021.576617533
1735862400000,0.014010388388552572,3377106.327404416,14098719.013012242
1735948800000,0.016154420499734194,2677629.2394172205,16108713.403460864
1736035200000,0.015865715928541975,1741947.9867358198,15902786.70480244
1736121600000,0.014932235985124538,1656969.1615307946,14935223.610493584
1736208000000,0.014026310417026197,1906627.8994183308,14093877.36735985
1736294400000,0.018362611145905643,17822204.870873984,18373228.74603269
1736380800000,0.017012377409911197,6909030.758168032,17037187.783926766
1736467200000,0.013384835326637149,2672471.4267714475,13400018.593731828
1736553600000,0.01295420802700892,1689156.6593219056,12933050.078798594
1736640000000,0.01246114345768952,2009521.4296833945,12475819.978638824
1736726400000,0.01328500729860474,1851736.2938598525,13282219.712447483
1736812800000,0.01194424793237574,1874051.918460915,11938087.705336742
1736899200000,0.013771329182565427,1879608.388349768,13814885.377038535
1736985600000,0.016553068610475632,2083315.9939615093,16544008.909495823
1737072000000,0.017175093553743963,1947479.0454380042,17169513.291006148
1737158400000,0.01797619149618769,1605283.5941837789,17985158.641003143
1737244800000,0.01614047161356021,3043290.7697809595,16136466.5280119
1737331200000,0.014023858026076228,3757094.8428108823,13881131.579336712
1737417600000,0.01512210848229424,4164768.402196597,15122973.083925316
1737504000000,0.014258603744363876,2755797.479235746,14234481.357403269
1737590400000,0.014897089734040287,1779296.4313853178,14928022.62762995
1737676800000,0.012778864618882913,2878246.393309522,12742951.109200837
1737763200000,0.011616328915213008,1812911.239795991,11615950.525931893
1737849600000,0.010534246039466658,2376705.24912807,10543601.779817002
1737936000000,0.010442196430724197,2312825.9481700757,10403221.137231221
1738022400000,0.0093732239763502,2323627.024732759,9373254.559120886
1738108800000,0.010459263968872843,2302255.7226686394,10458894.723066289
1738195200000,0.0098279433132435,1842661.8426770594,9831027.37762841
1738281600000,0.008868256894803243,1592872.755210175,8869421.755555382
1738368000000,0.008421199448287177,1683537.2785279027,8418521.133183299
1738454400000,0.006806366751168661,1545177.4278670687,6827133.091131241
1738540800000,0.007208778685102,1386357.2131168407,7213902.29902103
1738627200000,0.009191238526685866,723115.2711175377,9152355.369960554
1738713600000,0.00793065688577117,1538659.5279897265,7932168.371426877
1738800000000,0.007055168290058964,1329784.16942695,7059111.68397192
1738886400000,0.007066092757131191,1291905.5271310615,7068077.713623287
1738972800000,0.006938899189339303,929698.2953824231,6925166.909026221
1739059200000,0.007167326107415271,787642.2348789735,7098419.342918231
1739145600000,0.0071848481757114625,1155868.1091057751,7179407.195024494
1739232000000,0.0070256948440065,669334.826155488,7042035.222089598
1739318400000,0.006732931999967791,693636.1221758218,6719590.7916227095
1739404800000,0.0064137389532100885,650257.0928883345,6413498.454513501
1739491200000,0.006195315890600872,541382.7743860286,6258776.191655736
1739577600000,0.006553065657494196,576377.8068995358,6552819.755076337
1739664000000,0.006330470470817222,728708.4254638511,6330232.921237174
1739750400000,0.006570343392750858,551341.7480737077,6567680.415896777
1739836800000,0.0062563267770713495,464812.067136678,6256764.799372293
1739923200000,0.005765730968047988,456766.3105514115,5767823.349291837
1740009600000,0.0055840803617663495,785522.1417366238,5562764.722031219
1740096000000,0.0061914616569572764,502456.2821722746,6191317.733648447
1740182400000,0.006040069608530267,524755.7240008357,6039664.356032544
1740268800000,0.006397977196267746,529648.9700720847,6405384.421937734
1740355200000,0.00624982889009978,353518.32717898116,6248373.2879439145
1740441600000,0.004860536565421018,515109.01412069687,4838123.367456405
1740528000000,0.005029408205783121,614318.5571609258,5040550.31842948
1740614400000,0.004823937511820685,511267.59763143904,4832994.246562368
1740700800000,0.0052116026468721835,508380.8878038502,5139061.047071804
1740787200000,0.0053679423019452124,524028.03406932217,5365496.429182946
1740873600000,0.005575039284897232,484016.4175743226,5574828.695316079
1740960000000,0.006710300567492516,831870.710567735,6706486.098105836
1741046400000,0.005290360977030463,552018.596389489,5301158.624170647
1741132800000,0.005373794320386195,527942.8321984101,5374390.809355457
1741219200000,0.005422017039537672,400456.4787390073,5459076.886363168
1741305600000,0.005306160161788628,435166.8232628875,5305797.860388836
1741392000000,0.0049809664310034325,535981.8546482461,4984873.413238554
1741478400000,0.004822135463633731,398454.1104217182,4821951.94165769
1741564800000,0.004091263770492394,188307.36640962708,4067934.952139418
1741651200000,0.0037020374839265035,427351.55614739965,3688087.6787604424
1741737600000,0.003945674959577373,481633.94818772783,3974913.4445785177
1741824000000,0.0039407558553189795,370167.4556795498,3940605.704035189
1741910400000,0.0038963732493182378,457504.7929417019,3899172.8488403056
1741996800000,0.004339646806852696,459973.25909696525,4351642.057468121
1742083200000,0.005194080382088732,393529.5711019954,5160691.911196147
1742169600000,0.004648076060102346,464502.70550514467,4684571.159596501
1742256000000,0.004370975972451239,497317.9258710548,4370809.3130973
1742342400000,0.004239169020153874,496646.19494155026,4239007.362410811
1742428800000,0.004674640242987151,427687.9557877243,4744598.655221138
1742515200000,0.004192604725627023,314974.62807156955,4183725.5597953317
1742601600000,0.004068571189531941,503147.06531847187,4067798.2384618293
1742688000000,0.004342074906730042,367354.5653665545,4343059.862196461
1742774400000,0.004289194739000991,57385.32932415638,4262596.731451827
1742860800000,0.0044678792720871975,691472.0782930297,4455166.902845285
1742947200000,0.004419411791722529,483507.853765819,4393656.219420834
1743033600000,0.004183797015760163,424742.453283454,4182021.1740860264
1743120000000,0.0042065281567484625,371299.67155825713,4206348.193293606
1743206400000,0.003984482402532407,402532.08319130965,3984311.938626722
1743292800000,0.0034373951834273573,397034.6918295389,3499595.997512055
1743379200000,0.00357861118276774,324429.62195380445,3577753.8662734227
1743465600000,0.0035556241852022137,361142.0803589226,3552598.4962737663
1743552000000,0.0036417750986248833,475729.9651442754,3643188.6326020597
1743638400000,0.0031819562307063808,318256.3582103665,3184464.9563068654
1743724800000,0.003012420114286898,281666.39772429963,2998479.9389816173
1743811200000,0.003128473406575325,462759.94782941043,3128331.517493011
1743897600000,0.003099746461752464,430943.443193067,3106804.281299952
1743984000000,0.0025551890848493418,355403.62496060494,2555616.603194278
1744070400000,0.002941122675496891,449855.6029795214,2948314.1590030123
1744156800000,0.0027079671312026216,64096.17324631694,2692459.6467986684
1744243200000,0.003273771983118583,707450.6301927159,3273039.6681307666
1744329600000,0.003038056689361136,595540.1418300469,3037918.6994122746
1744416000000,0.003420930890457807,763356.6861845994,3416337.3815764287
1744502400000,0.003841400213946918,670973.0011888006,3841225.575034284
1744588800000,0.003973091237699902,577904.0694879626,3971351.205119863
1744675200000,0.0038596729420017455,607665.3843416026,3859497.4352514497
1744761600000,0.0034316844971215544,352747.01753788075,3431747.7694732263
1744848000000,0.00368337994120493,573129.083867932,3683212.450836204
1744934400000,0.003656134234874463,503475.39880131267,3655967.9834203944
1745020800000,0.003485410720671108,482333.4797860079,3485252.2266619056
1745107200000,0.0038248461979492137,495227.15744652983,3824342.469096945
1745193600000,0.0038386767339454535,296424.1275861466,3834423.42221064
1745280000000,0.003763257762004647,451948.38642409735,3705360.6977036363
1745366400000,0.004630426954799957,668269.3049957216,4644442.165936653
1745452800000,0.004834761962817356,723479.584843491,4836453.756869968
1745539200000,0.004648724018825758,238750.2949328461,4648528.612379777
1745625600000,0.005080443698495209,411330.2370667565,5080211.95756606
1745712000000,0.005224978720405873,474573.7054225934,5224733.508786735
1745798400000,0.007238030413362943,2206172.131059573,7263658.1520631695
1745884800000,0.006622566038295373,961263.0907568369,6578941.320281477
1745971200000,0.006211119798892381,218487.70858463054,6210496.676382853
1746057600000,0.006637514510387352,724216.1354854923,6656489.757610376
1746144000000,0.00734734321814839,1041326.6224890096,7301142.912108496
1746230400000,0.006889593740098191,788139.2143414085,6888570.959281346
1746316800000,0.005846371736236529,365180.9666752014,5822085.615878461
1746403200000,0.005631941240745407,496047.42330421566,5629007.190132771
1746489600000,0.005527796642871685,443427.1239765351,5527537.890021997
1746576000000,0.0055241038833513025,429549.2238491759,5521235.959054017
1746662400000,0.005575178682646011,681777.9468778096,5585673.961242223
1746748800000,0.006501730099757143,908016.86839816,6492096.5643062955
1746835200000,0.00957223965169187,3159395.245512428,9542064.054963486
1746921600000,0.008322301053227914,1110942.550822201,8300217.789055971
1747008000000,0.007780581242225196,760772.5070910612,7780479.159601011
1747094400000,0.00808469267877334,1833430.6403175315,8080000.67057744
1747180800000,0.007600995449745408,1121067.5302830231,7600632.29325832
1747267200000,0.006270229246746229,747464.6387248735,6269703.801872388
1747353600000,0.006010980972450803,746374.6413288857,6013728.9659194
1747440000000,0.005702468222752577,615484.0805884752,5703731.001004437
1747526400000,0.005313334085543902,868058.6941096374,5312818.740899157
1747612800000,0.0056877235835191275,782409.8170681455,5603498.983770978
1747699200000,0.005093519173497561,1092780.9526916393,5093686.944457436
1747785600000,0.004965381382952331,554416.5004660228,4965136.50315733
1747872000000,0.005277419080709791,536191.8520368872,5291560.720714103
1747958400000,0.005409923866261758,818733.7522490344,5409840.117406861
1748044800000,0.005013107757483639,752246.1848134432,5012860.442166734
1748131200000,0.0048685343699511755,650741.312822606,4868294.186979091
1748217600000,0.004651003565059739,742881.0821433658,4650774.110395018
1748304000000,0.00484476617542806,795202.4292649918,4844486.21976733
1748390400000,0.0047026848926249405,716604.1884753791,4722765.127769519
1748476800000,0.0044656315868013,675829.9147193778,4465410.601420037
1748563200000,0.0042882460947166745,844259.5582515767,4289644.5992961805
1748649600000,0.003653950433783473,716800.7711370036,3641564.099069585
1748736000000,0.0036985450437114725,653278.548800742,3698294.2567648743
1748822400000,0.003802145461862012,728961.1097487855,3764292.6654140046
1748908800000,0.0036291612964386784,634862.5143444682,3597891.2219367707
1748995200000,0.003640656972920347,735550.6171459865,3640478.3144432986
1749081600000,0.003372771455869032,749117.1373992981,3372645.738037237
1749168000000,0.0030975133331926814,652240.955168588,3100391.344234552
1749254400000,0.003203514608136734,584088.0953322082,3203300.744140086
1749340800000,0.0034420164602117346,671584.0617112957,3441782.114433833
1749427200000,0.0032540067174858835,508478.3344013701,3253784.6893401253
1749513600000,0.003937689732667914,581104.541426031,3937421.055254242
1749600000000,0.004809121548689953,1137686.0919330728,4826579.97613108
1749686400000,0.0056677768444408794,2107810.173544422,5841703.076912569
1749772800000,0.006092692813742672,1973261.2301682981,6093153.561673688
1749859200000,0.00682011002688495,2554745.1217583586,6784502.286911385
1749945600000,0.006160764695476887,1154469.9387867998,6161083.125464813
1750032000000,0.007506096606261454,1034584.8033450955,7535238.224510203
1750118400000,0.005445334311681501,913878.2340042114,5428273.302793389
1750204800000,0.005035818506943348,897033.6012787313,5038919.118042789
1750291200000,0.005169209979755175,750678.5567671417,5174719.504164291
1750377600000,0.005004448529986723,758389.8768289007,5004087.811198682
1750464000000,0.005406299470850076,820033.4844944886,5397514.565204616
1750550400000,0.004648339217455135,749969.6515269423,4638595.608074703
1750636800000,0.003985959223519211,766773.3894735913,4004991.9526492925
1750723200000,0.005296836630721927,1072280.2309995499,5296423.701425331
1750809600000,0.0046559312887107605,718118.5552326608,4655587.735670457
1750896000000,0.004665789677214582,777019.2883810104,4660072.769768152
1750982400000,0.004510389165620541,627151.5991450351,4513830.594019676
1751068800000,0.0043520068224180905,611303.1933227064,4351881.737634428
1751155200000,0.005133470998065435,714462.5350531643,5132512.698089946
1751241600000,0.005822272148593542,751717.8639824094,5806004.494860714
1751328000000,0.0070770671876911285,2050095.0616427548,7111465.976620881
1751414400000,0.006499143089428733,1311354.1506096935,6538523.620718102
1751500800000,0.007347262179921127,965962.6746977932,7358619.207662193
1751587200000,0.006616249489765771,948450.116485974,6615772.508255764
1751673600000,0.005824472472049877,762754.7308717362,5813765.7807203205
1751760000000,0.0053839604325461145,649209.0094520041,5357852.024625636
1751846400000,0.006106912388852407,780471.7505181896,6092820.089718702
1751932800000,0.005263818891757072,663605.5310916053,5261514.04532418
1752019200000,0.006221553568808604,813315.6123883793,6221227.62694121
1752105600000,0.006283935872097314,804524.5444352268,6284884.745190603
1752192000000,0.007388486819557103,984736.3150645172,7345323.002592986
1752278400000,0.008137702343788663,1413602.8701228332,8158570.574230878
1752364800000,0.009985555697074083,2885514.604684404,9984825.896974584
1752451200000,0.01277588124741013,2602690.569377954,12856574.23693237
1752537600000,0.018093833015089773,4587509.79315734,18092159.8196406
1752624000000,0.020330979633701427,3317116.469595798,20327492.804594845
1752710400000,0.017260059201722647,2212582.5406219936,17349372.685720462
1752796800000,0.015597979490867546,1835181.1548170287,15606136.44841267
1752883200000,0.018119839077553847,1986906.7788699812,18042290.58689747
1752942589000,0.018635011850148705,1102880.0262579166,18672345.08306347
